47789196270882,-0.000610864779446274,0.0,0.001450803829357028
47789196445778,0.0,0.001221729558892548,0.00022907429956831038
47789198744424,-0.000610864779446274,0.001832594396546483,-0.0016035200096666813
47789219520934,0.000610864779446274,0.0,-0.00038179047987796366
47789219569111,0.000610864779446274,-0.000610864779446274,-0.0016035200096666813
47789219591872,0.001221729558892548,0.001221729558892548,-0.00038179047987796366
47789219610413,0.000610864779446274,0.0,0.00022907429956831038
47789219624788,0.000610864779446274,0.001221729558892548,0.00022907429956831038
47789219644893,0.001221729558892548,0.000610864779446274,0.001450803829357028
47789219662653,-0.001221729558892548,0.0,-0.00038179047987796366
47789219670309,0.001221729558892548,-0.000610864779446274,0.000839939049910754
47789221233486,0.00007635809743078426,0.000610864779446274,-0.00038179047987796366
47789223220049,-0.0005345066892914474,-0.001832594396546483,0.001450803829357028
47789226107965,0.0006872228696011007,-0.000610864779446274,-0.00038179047987796366
47789227360570,-0.0005345066892914474,-0.000610864779446274,-0.00038179047987796366
47789268852340,0.00007635809743078426,0.002443459117785096,-0.0016035200096666813
47789268903695,-0.0005345066892914474,0.000610864779446274,0.00022907429956831038
47789268931611,0.0019089524867013097,0.000610864779446274,0.001450803829357028
47789268941715,-0.0005345066892914474,-0.00007635809743078426,-0.00038179047987796366
47789268952653,-0.0005345066892914474,-0.0006872228696011007,0.000839939049910754
47789268963226,0.0012980876490473747,-0.0019089524867013097,0.00022907429956831038
47789268976768,0.00007635809743078426,0.0005345066892914474,-0.00038179047987796366
47789268986611,0.00007635809743078426,-0.00007635809743078426,-0.00038179047987796366
47789268994424,-0.0005345066892914474,-0.0019089524867013097,-0.00038179047987796366
47789269008070,-0.0005345066892914474,-0.0012980876490473747,-0.00038179047987796366
47789269012340,-0.0011453714687377214,-0.00007635809743078426,-0.00038179047987796366
47789269023018,0.00007635809743078426,-0.0006872228696011007,-0.0009926552884280682
47789269036038,0.0006872228696011007,0.0005345066892914474,0.000839939049910754
47789269044736,-0.0005345066892914474,0.0005345066892914474,0.000839939049910754
47789269049215,0.0006872228696011007,-0.00007635809743078426,0.00022907429956831038
47789269060518,0.00007635809743078426,-0.00007635809743078426,0.00022907429956831038
47789269069424,0.0006872228696011007,-0.0006872228696011007,0.00022907429956831038
47789270682601,-0.0005345066892914474,-0.0012980876490473747,-0.00038179047987796366
47789272954736,0.00007635809743078426,-0.00007635809743078426,0.000839939049910754
47789275940413,-0.0011453714687377214,-0.0006872228696011007,-0.00038179047987796366
47789277094424,-0.0005345066892914474,-0.0006872228696011007,0.00022907429956831038
47789326907184,-0.0011453714687377214,-0.0006872228696011007,0.00022907429956831038
47789326915934,-0.0011453714687377214,-0.0012980876490473747,0.00022907429956831038
47789326942132,0.0006872228696011007,-0.0006872228696011007,0.000839939049910754
47789326948070,-0.0011453714687377214,0.0005345066892914474,0.00022907429956831038
47789326958278,0.0012980876490473747,0.0005345066892914474,0.00022907429956831038
47789326971820,0.00007635809743078426,-0.00007635809743078426,-0.0009926552884280682
47789326983799,0.0006872228696011007,0.0011453714687377214,0.00022907429956831038
47789326987132,0.0006872228696011007,0.0017562361899763346,-0.00038179047987796366
47789326997132,0.00007635809743078426,0.0005345066892914474,0.000305432389723137
47789327005726,-0.0005345066892914474,-0.0012980876490473747,0.000305432389723137
47789327014580,0.0006872228696011007,-0.0006872228696011007,0.000305432389723137
47789327030674,-0.0005345066892914474,-0.0012980876490473747,0.000305432389723137
47789327034840,0.00007635809743078426,-0.0006872228696011007,0.000305432389723137
47789327047861,0.0019089524867013097,0.0005345066892914474,0.0009162971982732415
47789327056195,-0.0011453714687377214,-0.00007635809743078426,-0.0009162971982732415
47789327060361,-0.0005345066892914474,0.0005345066892914474,0.0009162971982732415
47789327071507,-0.0005345066892914474,0.0005345066892914474,0.0009162971982732415
47789327079111,0.00007635809743078426,0.0011453714687377214,0.0009162971982732415
47789327087809,0.0006872228696011007,-0.00007635809743078426,-0.0009162971982732415
47789327101976,0.00007635809743078426,-0.00007635809743078426,0.000305432389723137
47789327106299,0.0001527161948615685,0.0005345066892914474,0.000305432389723137
47789330131143,-0.00045814859913662076,-0.0006872228696011007,0.000305432389723137
47789332442393,0.0013744457392022014,-0.0006872228696011007,0.0009162971982732415
47789335966507,0.0013744457392022014,-0.0012980876490473747,0.0009162971982732415
47789389839215,0.0007635809597559273,-0.00007635809743078426,0.000305432389723137
47789389880049,-0.0010690133785828948,0.0005345066892914474,0.000305432389723137
47789389895674,-0.0010690133785828948,-0.00007635809743078426,-0.000305432389723137
47789389904320,0.0013744457392022014,0.0005345066892914474,0.000305432389723137
47789389912965,0.0001527161948615685,-0.00007635809743078426,0.0009162971982732415
47789389926611,-0.0010690133785828948,-0.00007635809743078426,-0.000305432389723137
47789389930674,0.0007635809597559273,-0.00007635809743078426,-0.000305432389723137
47789389946715,0.0001527161948615685,-0.00007635809743078426,-0.000305432389723137
47789389958486,0.0001527161948615685,0.0005345066892914474,0.000305432389723137
47789389962653,0.0013744457392022014,0.0005345066892914474,0.000305432389723137
47789389971715,0.0007635809597559273,0.0005345066892914474,-0.000305432389723137
47789389981090,0.0007635809597559273,-0.00007635809743078426,0.0015271619195118546
47789389996038,0.0001527161948615685,-0.0006872228696011007,0.000305432389723137
47789390000413,0.0001527161948615685,0.0005345066892914474,-0.000305432389723137
47789390009372,-0.0010690133785828948,-0.0012980876490473747,0.000839939049910754
47789390017809,0.0007635809597559273,-0.0006872228696011007,0.002061668550595641
47789390039632,-0.001679878099821508,-0.00007635809743078426,-0.00038179047987796366
47789390044215,0.0001527161948615685,-0.0012980876490473747,-0.00038179047987796366
47789390052809,0.0007635809597559273,0.0005345066892914474,-0.00038179047987796366
47789390061507,0.0001527161948615685,-0.00007635809743078426,0.00022907429956831038
47789390074736,-0.00045814859913662076,0.0005345066892914474,0.000839939049910754
47789390081663,-0.0010690133785828948,0.0005345066892914474,0.000839939049910754
47789390094268,0.0001527161948615685,-0.0006872228696011007,-0.00038179047987796366
47789391600518,0.0001527161948615685,-0.00007635809743078426,-0.0009926552884280682
47789393829736,0.0001527161948615685,-0.0006872228696011007,0.000839939049910754
47789396506507,0.0001527161948615685,0.0005345066892914474,0.001450803829357028
47789398253122,0.0013744457392022014,-0.00007635809743078426,-0.0016035200096666813
47789463383695,-0.00045814859913662076,-0.0006872228696011007,-0.00038179047987796366
47789463400934,0.0001527161948615685,-0.00007635809743078426,-0.00038179047987796366
47789463422549,-0.00045814859913662076,-0.0012980876490473747,-0.00038179047987796366
47789463433122,-0.0010690133785828948,-0.0025198173243552446,-0.0009926552884280682
47789463447392,0.0007635809597559273,-0.0012980876490473747,-0.0022143847309052944
47789463456872,0.0007635809597559273,-0.00007635809743078426,0.00022907429956831038
47789463461767,0.0013744457392022014,-0.0012980876490473747,0.00022907429956831038
47789463473590,-0.00045814859913662076,-0.0006872228696011007,0.00022907429956831038
47789463484111,0.0025961752980947495,0.0011453714687377214,0.000839939049910754
47789463493330,0.0013744457392022014,0.0011453714687377214,0.000839939049910754
47789463506559,0.0001527161948615685,-0.0006872228696011007,0.000839939049910754
47789463515726,0.0001527161948615685,-0.00007635809743078426,-0.00038179047987796366
47789463526351,0.0007635809597559273,-0.00007635809743078426,-0.00038179047987796366
47789463544215,-0.00045814859913662076,-0.0012980876490473747,-0.0009926552884280682
47789463552028,0.0007635809597559273,-0.0019089524867013097,0.002061668550595641
47789463556715,-0.00045814859913662076,-0.0012980876490473747,0.001450803829357028
47789463571767,-0.00045814859913662076,-0.0006872228696011007,0.000839939049910754
47789463585257,0.0001527161948615685,-0.00007635809743078426,0.00022907429956831038
47789463590101,-0.00045814859913662076,0.0005345066892914474,0.001450803829357028
47789463602340,0.0001527161948615685,0.0011453714687377214,0.000839939049910754
47789463621299,0.0007635809597559273,0.0011453714687377214,-0.0009926552884280682
47789463626663,-0.001679878099821508,0.0005345066892914474,-0.0016035200096666813
47789463636507,-0.001679878099821508,0.0011453714687377214,0.000839939049910754
47789463647653,0.0006872228696011007,-0.0006872228696011007,0.00022907429956831038
47789463655726,-0.0005345066892914474,0.0005345066892914474,0.00022907429956831038
47789463668799,0.00007635809743078426,0.0005345066892914474,0.00022907429956831038
47789463672965,0.00007635809743078426,0.0011453714687377214,-0.0009926552884280682
47789467465101,-0.0005345066892914474,-0.00007635809743078426,-0.0009926552884280682
47789467476403,-0.0011453714687377214,-0.0006872228696011007,-0.00038179047987796366
47789470507445,-0.0005345066892914474,-0.0006872228696011007,0.000839939049910754
47789472200882,0.0006872228696011007,0.0005345066892914474,-0.00038179047987796366
47789541748174,0.0006872228696011007,-0.00007635809743078426,0.000839939049910754
47789541764059,0.00007635809743078426,0.0005345066892914474,0.000839939049910754
47789541776976,0.0006872228696011007,-0.00007635809743078426,-0.00038179047987796366
47789541788017,0.00007635809743078426,-0.00007635809743078426,0.00022907429956831038
47789541804580,0.0012980876490473747,0.0005345066892914474,0.000839939049910754
47789541818590,0.0006872228696011007,-0.00007635809743078426,-0.00038179047987796366
47789541829840,0.00007635809743078426,-0.000610864779446274,-0.0009926552884280682
47789541835778,0.0006872228696011007,-0.001221729558892548,-0.0009926552884280682
47789541849424,-0.0005345066892914474,-0.000610864779446274,0.00022907429956831038
47789541858486,-0.0005345066892914474,-0.000610864779446274,-0.00038179047987796366
47789541866507,0.0006872228696011007,-0.001221729558892548,-0.0009926552884280682
47789541882549,0.0012980876490473747,0.0,0.001450803829357028
47789541888278,-0.0011453714687377214,-0.000610864779446274,-0.0009926552884280682
47789541902913,0.0006872228696011007,-0.000610864779446274,-0.00038179047987796366
47789541911299,0.00007635809743078426,-0.000610864779446274,-0.0009926552884280682
47789541922028,0.0006872228696011007,0.0,0.00022907429956831038
47789541939684,0.0012980876490473747,0.0,-0.00038179047987796366
47789541944476,0.00007635809743078426,0.000610864779446274,0.00022907429956831038
47789541958695,0.00007635809743078426,0.0,-0.0009926552884280682
47789541968851,-0.0017562361899763346,0.0,-0.0009926552884280682
47789541978174,-0.0005345066892914474,0.000610864779446274,0.00022907429956831038
47789541990205,0.0006872228696011007,0.000610864779446274,-0.00038179047987796366
47789541998903,0.0006872228696011007,0.000610864779446274,0.00022907429956831038
47789542012340,-0.0017562361899763346,-0.001221729558892548,0.000839939049910754
47789542016872,-0.0005345066892914474,0.000610864779446274,0.00022907429956831038
47789542029580,0.00007635809743078426,0.000610864779446274,0.000839939049910754
47789542041351,0.00007635809743078426,0.000610864779446274,-0.0016035200096666813
47789542045622,0.0012980876490473747,-0.000610864779446274,-0.00038179047987796366
47789542059945,0.0012980876490473747,-0.000610864779446274,-0.00038179047987796366
47789543390830,0.00007635809743078426,0.000610864779446274,0.001450803829357028
47789545306195,0.0006872228696011007,0.0,0.000839939049910754
47789547833590,-0.0005345066892914474,0.000610864779446274,0.00022907429956831038
47789550436403,0.00007635809743078426,0.000610864779446274,-0.0009926552884280682
47789618449372,0.00007635809743078426,0.000610864779446274,0.000839939049910754
47789618504736,0.0012980876490473747,-0.001221729558892548,0.00022907429956831038
47789618519111,-0.0005345066892914474,0.000610864779446274,0.000839939049910754
47789618524997,0.00007635809743078426,0.000610864779446274,0.00022907429956831038
47789618534007,0.00007635809743078426,0.000610864779446274,0.001450803829357028
47789618547809,-0.0023671009112149477,0.000610864779446274,0.001450803829357028
47789618557965,-0.0011453714687377214,0.0,0.000839939049910754
47789618567757,0.00007635809743078426,-0.000610864779446274,-0.0009926552884280682
47789618583590,0.00007635809743078426,-0.000610864779446274,0.00022907429956831038
47789618591663,-0.0005345066892914474,-0.000610864779446274,0.000839939049910754
47789618601299,-0.0005345066892914474,0.001221729558892548,0.001450803829357028
47789618609476,0.00007635809743078426,0.001221729558892548,0.001450803829357028
47789618623330,0.0012980876490473747,0.000610864779446274,-0.0009926552884280682
47789618627705,0.0006872228696011007,0.000610864779446274,0.000839939049910754
47789618643903,0.0006872228696011007,-0.000610864779446274,-0.00038179047987796366
47789618653382,0.00007635809743078426,-0.000610864779446274,0.00022907429956831038
47789618657913,0.0006872228696011007,-0.001221729558892548,-0.0009926552884280682
47789618666559,0.0006872228696011007,0.0,-0.0009926552884280682
47789618679840,0.0006872228696011007,-0.001832594396546483,0.00022907429956831038
47789618686767,-0.0005345066892914474,-0.001832594396546483,-0.001679878099821508
47789618697392,-0.0011453714687377214,-0.001832594396546483,-0.00045814859913662076
47789618706142,0.0012980876490473747,0.0,0.0001527161948615685
47789618721247,0.0012980876490473747,0.001832594396546483,-0.00045814859913662076
47789618729892,0.00007635809743078426,-0.001221729558892548,0.0007635809597559273
47789618734059,0.00007635809743078426,0.001221729558892548,-0.0010690133785828948
47789618745830,-0.0005345066892914474,0.000610864779446274,-0.00045814859913662076
47789618756715,0.0006872228696011007,0.0,0.0007635809597559273
47789618761090,0.00007635809743078426,0.000610864779446274,-0.0010690133785828948
47789683625361,-0.0005345066892914474,0.000610864779446274,-0.00045814859913662076
47789683682288,-0.0017562361899763346,0.000610864779446274,0.0001527161948615685
47789683696403,0.00007635809743078426,-0.000610864779446274,-0.0010690133785828948
47789683706663,-0.0005345066892914474,-0.001221729558892548,0.0001527161948615685
47789683722028,-0.0005345066892914474,-0.001221729558892548,0.0001527161948615685
47789683729163,-0.0011453714687377214,-0.000610864779446274,-0.00045814859913662076
47789683742444,0.00007635809743078426,-0.000610864779446274,-0.0010690133785828948
47789683750882,0.0006872228696011007,0.000610864779446274,0.0007635809597559273
47789683759372,0.0006872228696011007,0.001832594396546483,-0.001679878099821508
47789683772653,0.00007635809743078426,-0.000610864779446274,-0.0010690133785828948
47789683777965,0.00007635809743078426,0.000610864779446274,0.0007635809597559273
47789683793486,-0.0005345066892914474,0.0,0.0001527161948615685
47789683801663,0.00007635809743078426,0.000610864779446274,0.0001527161948615685
47789683811038,0.0019089524867013097,0.001832594396546483,-0.00045814859913662076
47789683820622,0.00007635809743078426,0.0,-0.00045814859913662076
47789683836247,-0.0005345066892914474,-0.001832594396546483,0.0001527161948615685
47789683844892,-0.0005345066892914474,0.0,-0.001679878099821508
47789683853694,-0.0005345066892914474,0.0,0.0001527161948615685
47789683857965,-0.0005345066892914474,-0.001221729558892548,0.0001527161948615685
47789683871924,0.00007635809743078426,0.0,0.0007635809597559273
47789683876976,0.00007635809743078426,0.0,0.0013744457392022014
47789683889632,-0.0011453714687377214,0.0,0.0007635809597559273
47789683894215,-0.0005345066892914474,0.0,0.0001527161948615685
47789683910778,0.00007635809743078426,0.001221729558892548,0.0001527161948615685
47789683920517,-0.0005345066892914474,0.0,0.0001527161948615685
47789683925153,-0.0011453714687377214,0.000610864779446274,-0.001679878099821508
47789683934215,0.0019089524867013097,0.0,-0.00045814859913662076
47789683942497,0.00007635809743078426,0.000610864779446274,0.0007635809597559273
47789692224215,-0.0011453714687377214,-0.000610864779446274,-0.0010690133785828948
47789692252861,0.00007635809743078426,0.001832594396546483,0.0001527161948615685
47789692265153,0.00007635809743078426,-0.001221729558892548,0.0013744457392022014
47789693010517,-0.0005345066892914474,0.001221729558892548,-0.00045814859913662076
47789760234424,-0.0011453714687377214,0.0,0.0001527161948615685
47789760243069,-0.0005345066892914474,-0.000610864779446274,0.0007635809597559273
47789760255830,-0.0005345066892914474,0.001832594396546483,0.0019853105768561363
47789760265778,0.0006872228696011007,-0.000610864779446274,0.0013744457392022014
47789760284111,0.00007635809743078426,0.0,-0.00045814859913662076
47789760293434,-0.0017562361899763346,0.001221729558892548,-0.001679878099821508
47789760297965,0.00007635809743078426,-0.000610864779446274,0.0001527161948615685
47789760307132,0.0012980876490473747,0.003665188793092966,-0.00045814859913662076
47789760328590,-0.0005345066892914474,0.001832594396546483,-0.00045814859913662076
47789760333434,0.0006872228696011007,0.001832594396546483,0.0001527161948615685
47789760337861,0.0006872228696011007,-0.001221729558892548,0.0013744457392022014
47789760347444,0.00007635809743078426,-0.0030543238390237093,0.0013744457392022014
47789760364319,0.0012980876490473747,0.002443459117785096,0.0013744457392022014
47789760376351,-0.0017562361899763346,-0.001221729558892548,-0.001679878099821508
47789760385257,-0.0005345066892914474,0.001221729558892548,-0.0010690133785828948
47789760393955,-0.0005345066892914474,-0.001221729558892548,0.0001527161948615685
47789760402757,0.0006872228696011007,0.0,0.0013744457392022014
47789760418122,-0.0005345066892914474,-0.000610864779446274,-0.00045814859913662076
47789760426507,0.0019089524867013097,-0.002443459117785096,-0.00045814859913662076
47789760430830,0.0025198173243552446,0.004276053514331579,0.0001527161948615685
47789760439632,-0.0023671009112149477,-0.001832594396546483,-0.001679878099821508
47789760448330,0.0006872228696011007,0.001832594396546483,-0.0010690133785828948
47789760459111,-0.0005345066892914474,-0.002443459117785096,0.0001527161948615685
47789760468017,-0.0005345066892914474,0.000610864779446274,0.0019853105768561363
47789760478851,0.00007635809743078426,-0.000610864779446274,-0.0010690133785828948
47789760485726,0.0025198173243552446,0.002443459117785096,-0.001679878099821508
47789760494215,0.0006872228696011007,-0.003665188793092966,-0.001679878099821508
47789760502757,0.0012980876490473747,-0.000610864779446274,0.0007635809597559273
47789762006924,-0.0011453714687377214,-0.001221729558892548,0.0013744457392022014
47789765500830,-0.0029779658652842045,-0.002443459117785096,0.0001527161948615685
47789765854007,0.0019089524867013097,0.0,0.0007635809597559273
47789769184684,0.0006872228696011007,-0.001221729558892548,0.0013744457392022014
47789831712861,-0.0023671009112149477,-0.000610864779446274,0.0013744457392022014
47789831765569,0.0025198173243552446,-0.001221729558892548,0.0019853105768561363
47789831783434,-0.0005345066892914474,0.000610864779446274,-0.0010690133785828948
47789831792392,-0.0017562361899763346,0.002443459117785096,-0.0010690133785828948
47789831802028,0.0006872228696011007,0.000610864779446274,0.0001527161948615685
47789831828694,-0.0005345066892914474,-0.002443459117785096,0.0013744457392022014
47789831836611,0.0006872228696011007,0.0,0.0007635809597559273
47789831850361,0.0019089524867013097,-0.003665188793092966,0.0001527161948615685
47789831855049,0.0012980876490473747,0.0,0.0013744457392022014
47789831873799,-0.0011453714687377214,-0.000610864779446274,0.0001527161948615685
47789831879215,0.00007635809743078426,0.000610864779446274,0.0001527161948615685
47789831890465,-0.0017562361899763346,0.000610864779446274,-0.001679878099821508
47789831903799,0.0006872228696011007,0.001221729558892548,0.0001527161948615685
47789831908382,0.0012980876490473747,0.000610864779446274,-0.00045814859913662076
47789831917028,0.0019089524867013097,0.0,0.0007635809597559273
47789831929319,0.00007635809743078426,-0.000610864779446274,-0.002901607658714056
47789831943955,0.0012980876490473747,0.001832594396546483,-0.002290742937475443
47789831952809,-0.0011453714687377214,-0.0030543238390237093,0.0007635809597559273
47789831959892,-0.0005345066892914474,0.006108647678047419,-0.0010690133785828948
47789831969007,0.0012980876490473747,0.0054977829568088055,-0.004734201822429895
47789831976872,-0.0011453714687377214,0.0054977829568088055,-0.005345067009329796
47789831985726,-0.0017562361899763346,0.0054977829568088055,-0.003512472379952669
47789831998226,0.0031306820455938578,0.002443459117785096,0.0013744457392022014
47789832049372,-0.0017562361899763346,-0.001832594396546483,-0.0010690133785828948
47789832064736,0.004963276442140341,0.006719512399286032,-0.00045814859913662076
47789832073538,-0.005421424750238657,-0.001832594396546483,-0.001679878099821508
47789833097132,-0.0005345066892914474,0.0054977829568088055,-0.00045814859913662076
47789835847080,0.004963276442140341,0.010384701192378998,-0.001679878099821508
47789837270934,-0.007864884100854397,-0.021380268037319183,0.0001527161948615685
47789840239528,0.004963276442140341,0.007941242307424545,-0.002290742937475443
47789901885986,0.006185005884617567,-0.008552107028663158,0.0013744457392022014
47789901958590,-0.009086613543331623,0.010995565913617611,0.0013744457392022014
47789901965726,0.007406735327094793,-0.014660755172371864,0.0025961752980947495
47789901978174,0.00007635809743078426,0.01954767294228077,-0.004734201822429895
47789901994215,-0.007254019379615784,-0.023212861269712448,0.005039634648710489
47789901999580,0.011682788841426373,0.010384701192378998,0.007483093533664942
47789902010778,-0.0023671009112149477,-0.002443459117785096,-0.002290742937475443
47789902023226,-0.017027854919433594,0.004886918235570192,-0.009010255336761475
47789902033903,0.013515383005142212,0.001832594396546483,0.0019853105768561363
47789902045830,-0.0011453714687377214,-0.014049889519810677,0.0032070400193333626
47789902055621,-0.007254019379615784,0.004276053514331579,0.0001527161948615685
47789902071403,0.01107192412018776,-0.008552107028663158,-0.002290742937475443
47789902076455,-0.00603228947147727,0.007330377586185932,0.0032070400193333626
47789902084371,-0.0029779658652842045,-0.013439024798572063,0.003283398225903511
47789902096976,0.006185005884617567,0.021991131827235222,-0.005268708802759647
47789902105934,-0.00603228947147727,-0.000610864779446274,-0.0022143847309052944
47789902116246,-0.0023671009112149477,0.000610864779446274,0.001450803829357028
47789902125726,0.003741546766832471,-0.008628465235233307,0.0057268571108579636
47789902144319,0.0006872228696011007,-0.008017600513994694,0.003894262947142124
47789902150101,0.0025198173243552446,0.00847574882209301,-0.0009926552884280682
47789902158903,0.0012980876490473747,0.0029779658652842045,-0.0016035200096666813
47789902167601,-0.0066431546583771706,0.007864884100854397,-0.007101302966475487
47789902176455,-0.0017562361899763346,-0.00923932995647192,0.001450803829357028
47789902192028,0.014737112447619438,0.011530072428286076,0.008781181648373604
47789902196246,-0.02130390889942646,-0.005574141163378954,-0.0077121676877141
47789902204736,0.011682788841426373,0.0035888305865228176,0.009392046369612217
47789905523278,0.00007635809743078426,-0.00679587060585618,-0.00038179047987796366
47789905911924,-0.004199695307761431,0.016416991129517555,-0.00038179047987796366
47789908399424,0.0025198173243552446,-0.022678354755043983,-0.0016035200096666813
47789966644736,0.008628465235233307,0.013973532244563103,-0.00038179047987796366
47789966710569,-0.007864884100854397,-0.008017600513994694,0.002672533504664898
47789966726507,0.0006872228696011007,0.009086613543331623,-0.0022143847309052944
47789966735778,-0.0005345066892914474,0.0023671009112149477,-0.0022143847309052944
47789966746090,-0.00603228947147727,0.004199695307761431,-0.0034361144062131643
47789966750882,0.0019089524867013097,-0.004352411720901728,0.001450803829357028
47789966763434,0.0031306820455938578,-0.0025198173243552446,0.001450803829357028
47789966771976,0.00007635809743078426,0.0035888305865228176,-0.0009926552884280682
47789966782549,0.0019089524867013097,0.0011453714687377214,-0.0034361144062131643
47789966793851,0.0019089524867013097,-0.00007635809743078426,-0.00038179047987796366
47789966807549,0.00007635809743078426,0.0005345066892914474,0.002061668550595641
47789966822184,0.0012980876490473747,-0.0006872228696011007,-0.0009926552884280682
47789966826559,0.00007635809743078426,0.0017562361899763346,-0.0009926552884280682
47789966838330,0.00007635809743078426,-0.0019089524867013097,0.000839939049910754
47789966852444,-0.0005345066892914474,0.0011453714687377214,0.002061668550595641
47789966861403,-0.0005345066892914474,-0.00007635809743078426,0.000839939049910754
47789966876611,0.0012980876490473747,0.0011453714687377214,-0.002825249684974551
47789966881767,-0.0023671009112149477,-0.0012980876490473747,-0.0016035200096666813
47789966889424,-0.0005345066892914474,0.0017562361899763346,0.001450803829357028
47789966905882,-0.0005345066892914474,-0.0007635809597559273,0.00022907429956831038
47789966910778,0.00007635809743078426,0.00045814859913662076,-0.0016035200096666813
47789966919528,-0.0005345066892914474,0.0010690133785828948,-0.0009926552884280682
47789966927861,-0.0017562361899763346,0.0010690133785828948,0.00022907429956831038
47789966939059,0.0006872228696011007,-0.0007635809597559273,0.000839939049910754
47789967871038,0.0019089524867013097,0.004123337101191282,-0.0009926552884280682
47789970806715,-0.0017562361899763346,0.002290742937475443,-0.0022143847309052944
47789973017080,-0.0017562361899763346,-0.0001527161948615685,-0.0009926552884280682
47789975744007,0.0006872228696011007,-0.0007635809597559273,0.001450803829357028
47790032728590,0.0019089524867013097,-0.0007635809597559273,-0.0009926552884280682
47790032784580,0.00007635809743078426,0.00045814859913662076,-0.0016035200096666813
47790032791663,-0.0005345066892914474,0.0010690133785828948,-0.00038179047987796366
47790032808746,-0.0017562361899763346,0.001679878099821508,0.000839939049910754
47790032822340,-0.0011453714687377214,-0.0038179049734026194,-0.00038179047987796366
47790032832236,0.0019089524867013097,0.002901607658714056,0.000839939049910754
47790032838069,0.000610864779446274,-0.0013744457392022014,0.000839939049910754
47790032855205,0.000610864779446274,0.0010690133785828948,0.000839939049910754
47790032859944,-0.000610864779446274,-0.0007635809597559273,-0.002825249684974551
47790032873799,0.0,-0.0007635809597559273,-0.0016035200096666813
47790032878382,0.0,-0.0007635809597559273,0.00022907429956831038
47790032887288,-0.0005345066892914474,0.002290742937475443,0.00022907429956831038
47790032898903,0.0006872228696011007,0.0010690133785828948,-0.0009926552884280682
47790032912028,0.0006872228696011007,-0.00022907429956831038,-0.00038179047987796366
47790032916299,-0.0011453714687377214,0.0009926552884280682,0.001450803829357028
47790032929476,-0.0017562361899763346,-0.002061668550595641,-0.00038179047987796366
47790032938121,0.0006872228696011007,-0.001450803829357028,0.00022907429956831038
47790032949892,-0.0011453714687377214,0.0009926552884280682,-0.0016035200096666813
47790032958486,-0.0005345066892914474,-0.000839939049910754,-0.0016035200096666813
47790032962809,0.0012980876490473747,-0.003283398225903511,0.00022907429956831038
47790032977392,-0.0005345066892914474,0.002825249684974551,0.00022907429956831038
47790032981976,0.0006872228696011007,-0.003894262947142124,-0.0016035200096666813
47790032989996,0.0025198173243552446,0.0022143847309052944,-0.00038179047987796366
47790033001976,0.0012980876490473747,0.0009926552884280682,0.0009162971982732415
47790035694267,0.00007635809743078426,-0.00022907429956831038,0.000305432389723137
47790036865830,0.0019089524867013097,-0.002672533504664898,0.0015271619195118546
47790040107080,-0.0017562361899763346,0.0009926552884280682,-0.0009162971982732415
47790042071090,0.0012980876490473747,-0.00022907429956831038,0.0009162971982732415
47790100229476,0.00007635809743078426,-0.003283398225903511,0.0009162971982732415
47790100278434,-0.0005345066892914474,0.0034361144062131643,-0.000305432389723137
47790100313903,-0.0023671009112149477,-0.000839939049910754,-0.0021380267571657896
47790100324892,-0.0005345066892914474,-0.001450803829357028,-0.000305432389723137
47790100330101,0.0006872228696011007,-0.003283398225903511,0.0015271619195118546
47790100343330,0.0012980876490473747,-0.003894262947142124,-0.000305432389723137
47790100351351,0.00007635809743078426,-0.003283398225903511,0.000305432389723137
47790100365726,-0.0005345066892914474,0.0009926552884280682,0.0009162971982732415
47790100370517,-0.0005345066892914474,-0.001450803829357028,-0.0021380267571657896
47790100383330,-0.0005345066892914474,0.0016035200096666813,-0.000305432389723137
47790100393121,-0.0005345066892914474,0.0021380267571657896,-0.0015271619195118546
47790100401194,-0.0017562361899763346,0.0009162971982732415,-0.0009162971982732415
47790100415726,0.00007635809743078426,-0.0015271619195118546,-0.0015271619195118546
47790100431819,0.0019089524867013097,0.0015271619195118546,-0.000305432389723137
47790100441298,-0.0011453714687377214,-0.0021380267571657896,0.0009162971982732415
47790100445673,-0.0005345066892914474,0.003359756199643016,-0.000305432389723137
47790100454840,0.0006872228696011007,-0.003970621153712273,0.0009162971982732415
47790100466507,0.0012980876490473747,0.0015271619195118546,0.0009162971982732415
47790100475309,0.00007635809743078426,-0.0015271619195118546,0.0015271619195118546
47790100483955,0.0031306820455938578,0.000305432389723137,0.000305432389723137
47790100497913,0.00007635809743078426,-0.0009162971982732415,-0.000305432389723137
47790100506507,0.0019089524867013097,0.0009162971982732415,0.000305432389723137
47790100517809,0.0006872228696011007,-0.0009162971982732415,-0.000305432389723137
47790100521976,-0.0023671009112149477,0.0015271619195118546,-0.0015271619195118546
47790101328798,0.0019089524867013097,0.0009162971982732415,0.000305432389723137
47790103460413,-0.0005345066892914474,-0.003970621153712273,0.0009162971982732415
47790105571142,-0.0005345066892914474,0.004581485874950886,-0.000305432389723137
47790107991611,0.0012980876490473747,-0.003970621153712273,-0.0015271619195118546
47790165411246,-0.0017562361899763346,0.0015271619195118546,-0.0015271619195118546
47790165457601,0.0006872228696011007,-0.003359756199643016,0.0009162971982732415
47790165476038,0.0012980876490473747,0.000305432389723137,0.0009162971982732415
47790165486090,0.00007635809743078426,-0.0027488914784044027,0.000305432389723137
47790165500726,0.0019089524867013097,-0.001450803829357028,0.0009162971982732415
47790165505153,-0.0011453714687377214,0.00038179047987796366,0.0009162971982732415
47790165517653,-0.0005345066892914474,0.00038179047987796366,0.000305432389723137
47790165526090,-0.0005345066892914474,-0.003283398225903511,0.000305432389723137
47790165539736,0.0019089524867013097,0.0022143847309052944,0.000305432389723137
47790165549476,0.0012980876490473747,-0.000839939049910754,-0.0009162971982732415
47790165562861,0.0019089524867013097,0.0009926552884280682,0.000305432389723137
47790165572340,0.00007635809743078426,-0.001450803829357028,-0.00022907429956831038
47790165581663,0.00007635809743078426,-0.000839939049910754,-0.000839939049910754
47790165586403,0.0012980876490473747,0.00038179047987796366,-0.000839939049910754
47790165598955,-0.0011453714687377214,-0.000839939049910754,-0.000839939049910754
47790165611246,0.00007635809743078426,-0.000839939049910754,0.00038179047987796366
47790165615673,0.00007635809743078426,0.0016035200096666813,-0.001450803829357028
47790165624632,0.00007635809743078426,-0.000839939049910754,0.00038179047987796366
47790165638069,0.001832594396546483,0.0009926552884280682,0.00038179047987796366
47790165649371,0.000610864779446274,-0.00022907429956831038,0.0009926552884280682
47790165659163,0.000610864779446274,-0.001450803829357028,0.00038179047987796366
47790165673851,-0.001832594396546483,-0.003283398225903511,-0.000839939049910754
47790165682653,0.001221729558892548,0.0009926552884280682,0.0009926552884280682
47790165693069,-0.000610864779446274,-0.000839939049910754,0.00038179047987796366
47790167256611,-0.002443459117785096,-0.00022907429956831038,-0.000839939049910754
47790170255778,0.001221729558892548,-0.002672533504664898,-0.00022907429956831038
47790172935986,0.0,-0.000839939049910754,0.00038179047987796366
47790230626090,0.000610864779446274,-0.002061668550595641,0.0022143847309052944
47790230646923,0.001221729558892548,0.00038179047987796366,0.0009926552884280682
47790230671142,0.001221729558892548,0.00038179047987796366,0.0022143847309052944
47790230676298,0.0,-0.000839939049910754,0.00038179047987796366
47790230688434,-0.000610864779446274,0.0022143847309052944,-0.000839939049910754
47790230704007,0.0,0.0009926552884280682,-0.00022907429956831038
47790230709111,-0.001832594396546483,-0.001450803829357028,0.0009926552884280682
47790230723694,0.001221729558892548,0.0016035200096666813,-0.001450803829357028
47790230733694,0.0,-0.00022907429956831038,-0.000839939049910754
47790230741923,-0.001832594396546483,0.0009926552884280682,-0.000839939049910754
47790230754423,0.000610864779446274,-0.003894262947142124,0.00038179047987796366
47790230764163,-0.001832594396546483,-0.003283398225903511,0.0009926552884280682
47790230768694,0.0,-0.000839939049910754,0.0009926552884280682
47790230781663,0.001221729558892548,-0.0057268571108579636,-0.00022907429956831038
47790230799007,-0.000610864779446274,0.0009926552884280682,-0.001450803829357028
47790230803903,0.001221729558892548,-0.0019853105768561363,-0.001450803829357028
47790230816819,0.0,0.002290742937475443,0.0009926552884280682
47790230828278,-0.001832594396546483,-0.0007635809597559273,0.0009926552884280682
47790230837288,0.001832594396546483,0.004123337101191282,0.00038179047987796366
47790230841976,0.0,-0.0007635809597559273,0.00038179047987796366
47790230854267,0.0,0.001679878099821508,0.0009926552884280682
47790230865517,0.0,0.00045814859913662076,-0.001450803829357028
47790230869996,-0.000610864779446274,0.002901607658714056,0.00038179047987796366
47790230882913,-0.0030543238390237093,-0.0019853105768561363,0.00038179047987796366
47790231571559,-0.001221729558892548,0.001679878099821508,-0.00022907429956831038
47790235208382,0.0,-0.0032070400193333626,0.0009926552884280682
47790235960205,-0.001221729558892548,-0.0013744457392022014,0.00038179047987796366
47790238394580,0.001221729558892548,-0.0001527161948615685,-0.000839939049910754
47790295710882,0.0,-0.0038179049734026194,0.0016035200096666813
47790295726455,-0.001221729558892548,-0.0001527161948615685,0.0009926552884280682
47790295737236,0.001832594396546483,0.002290742937475443,0.0016035200096666813
47790295747548,0.0,0.002901607658714056,-0.000839939049910754
47790295756663,-0.001221729558892548,0.0010690133785828948,-0.000839939049910754
47790295771298,0.001221729558892548,0.001679878099821508,0.0009926552884280682
47790295781507,0.000610864779446274,-0.0019853105768561363,0.0016035200096666813
47790295789111,0.000610864779446274,0.001679878099821508,-0.00022907429956831038
47790295804371,0.0,0.00045814859913662076,-0.00022907429956831038
47790295817705,-0.000610864779446274,0.0010690133785828948,0.00038179047987796366
47790295827132,-0.000610864779446274,-0.0012980876490473747,-0.000839939049910754
47790295833278,0.001832594396546483,-0.0006872228696011007,0.0016035200096666813
47790295842340,-0.0030543238390237093,-0.004963276442140341,-0.00022907429956831038
47790295851351,-0.001832594396546483,-0.0012980876490473747,0.0009926552884280682
47790295866038,0.000610864779446274,0.0005345066892914474,-0.00022907429956831038
47790295876559,-0.000610864779446274,-0.0031306820455938578,-0.00022907429956831038
47790295880778,0.000610864779446274,0.0035888305865228176,-0.00022907429956831038
47790295889423,0.001221729558892548,0.0029779658652842045,-0.001450803829357028
47790295899788,0.000610864779446274,0.0017562361899763346,-0.000839939049910754
47790295913642,0.001832594396546483,0.0011453714687377214,-0.002672533504664898
47790295926246,0.002443459117785096,0.0011453714687377214,0.0009926552884280682
47790295930569,0.000610864779446274,-0.0012980876490473747,0.0009926552884280682
47790295939163,0.001221729558892548,-0.00007635809743078426,-0.000839939049910754
47790296592288,-0.001832594396546483,-0.0031306820455938578,-0.000839939049910754
47790297726559,-0.001221729558892548,-0.00007635809743078426,-0.00022907429956831038
47790300593538,-0.000610864779446274,-0.0031306820455938578,-0.00022907429956831038
47790302942028,-0.001832594396546483,-0.0019089524867013097,0.0009926552884280682
