47871314260434,-0.00045814859913662076,-0.0007635809597559273,-0.00045814859913662076
47871314267986,-0.00045814859913662076,0.001679878099821508,0.0001527161948615685
47871315613611,0.0001527161948615685,-0.0013744457392022014,-0.00045814859913662076
47871316681007,-0.00045814859913662076,0.005345067009329796,-0.0010690133785828948
47871319565590,-0.002290742937475443,-0.0025961752980947495,0.0007635809597559273
47871321929080,0.0001527161948615685,0.002290742937475443,0.0001527161948615685
47871383159861,-0.00045814859913662076,-0.0013744457392022014,-0.00045814859913662076
47871383193611,0.0001527161948615685,0.00045814859913662076,0.0001527161948615685
47871383212934,0.0013744457392022014,-0.0007635809597559273,0.0001527161948615685
47871383225330,-0.001679878099821508,0.00045814859913662076,-0.00045814859913662076
47871383235903,0.0013744457392022014,0.00045814859913662076,-0.00045814859913662076
47871383244809,0.0007635809597559273,0.00045814859913662076,-0.00045814859913662076
47871383261059,0.0001527161948615685,-0.0007635809597559273,-0.00045814859913662076
47871383266007,0.0019853105768561363,-0.0001527161948615685,0.0007635809597559273
47871383281059,0.0007635809597559273,-0.0019853105768561363,0.0007635809597559273
47871383293351,-0.001679878099821508,0.0010690133785828948,-0.0010690133785828948
47871383304809,-0.001679878099821508,0.0017562361899763346,0.0001527161948615685
47871383309392,-0.00045814859913662076,-0.00007635809743078426,0.0001527161948615685
47871383320590,-0.004123337101191282,-0.0006872228696011007,-0.0010690133785828948
47871383333820,0.0001527161948615685,-0.0012980876490473747,-0.00045814859913662076
47871383342934,0.0019853105768561363,-0.0006872228696011007,0.0001527161948615685
47871383352674,0.0001527161948615685,-0.0012980876490473747,-0.0010690133785828948
47871383369913,0.0013744457392022014,0.0017562361899763346,-0.001679878099821508
47871383388351,0.0001527161948615685,0.0017562361899763346,0.0007635809597559273
47871383396736,-0.00045814859913662076,-0.0006872228696011007,0.0001527161948615685
47871383406632,0.0019853105768561363,0.0011453714687377214,-0.001679878099821508
47871383414965,-0.001679878099821508,-0.0025198173243552446,-0.00045814859913662076
47871383422153,0.0013744457392022014,0.0017562361899763346,0.0007635809597559273
47871383429861,0.0001527161948615685,-0.0019089524867013097,0.0007635809597559273
47871383442934,-0.00045814859913662076,0.0005345066892914474,-0.00045814859913662076
47871383447205,0.0013744457392022014,-0.00007635809743078426,-0.00045814859913662076
47871383778038,0.0007635809597559273,-0.00007635809743078426,0.0001527161948615685
47871385401007,0.0007635809597559273,0.0005345066892914474,0.0013744457392022014
47871387715278,-0.00045814859913662076,-0.00007635809743078426,-0.00045814859913662076
47871390926736,-0.0010690133785828948,-0.0006872228696011007,-0.0010690133785828948
47871457401788,-0.0010690133785828948,-0.0006872228696011007,-0.0010690133785828948
47871457420851,0.0001527161948615685,0.0005345066892914474,0.0001527161948615685
47871457432934,-0.00045814859913662076,0.0011453714687377214,-0.00045814859913662076
47871457437622,0.0001527161948615685,0.0005345066892914474,0.0007635809597559273
47871457452830,0.0007635809597559273,-0.0006872228696011007,0.0007635809597559273
47871457462413,0.0001527161948615685,-0.00007635809743078426,0.0013744457392022014
47871457474965,0.0001527161948615685,-0.00007635809743078426,0.0001527161948615685
47871457484392,0.0007635809597559273,-0.0006872228696011007,0.0001527161948615685
47871457489445,0.0013744457392022014,0.0005345066892914474,-0.0010690133785828948
47871457502934,0.0001527161948615685,-0.00007635809743078426,0.0001527161948615685
47871457510486,-0.00045814859913662076,0.0011453714687377214,-0.0010690133785828948
47871457520642,-0.00045814859913662076,0.0005345066892914474,-0.0010690133785828948
47871457534288,-0.00045814859913662076,-0.0012980876490473747,-0.0010690133785828948
47871457549497,0.0001527161948615685,-0.00007635809743078426,-0.00045814859913662076
47871457556215,0.0001527161948615685,0.0011453714687377214,-0.00045814859913662076
47871457564809,0.0001527161948615685,-0.00007635809743078426,-0.00045814859913662076
47871457575330,0.0001527161948615685,-0.0006872228696011007,0.0001527161948615685
47871457580382,0.0001527161948615685,0.0005345066892914474,-0.00045814859913662076
47871457593090,0.0001527161948615685,0.0005345066892914474,0.0007635809597559273
47871457607830,0.0001527161948615685,0.0005345066892914474,0.0001527161948615685
47871457613455,-0.00045814859913662076,-0.00007635809743078426,0.0013744457392022014
47871457628195,0.0001527161948615685,0.0005345066892914474,-0.00045814859913662076
47871457637257,0.0006872228696011007,0.0005345066892914474,-0.00045814859913662076
47871457650382,-0.0005345066892914474,0.0011453714687377214,0.0001527161948615685
47871457655330,0.0012980876490473747,0.0011453714687377214,-0.00045814859913662076
47871457663507,0.00007635809743078426,0.0005345066892914474,-0.001679878099821508
47871457676163,-0.0005345066892914474,0.0011453714687377214,0.0001527161948615685
47871457682205,0.00007635809743078426,0.0011453714687377214,-0.00045814859913662076
47871459610122,-0.0005345066892914474,0.0017562361899763346,0.0001527161948615685
47871461904809,-0.0005345066892914474,-0.0019089524867013097,0.0007635809597559273
47871465654861,-0.0005345066892914474,0.0005345066892914474,-0.00045814859913662076
47871465965642,-0.0011453714687377214,-0.00007635809743078426,0.0001527161948615685
47871532856059,0.0012980876490473747,-0.00007635809743078426,-0.00045814859913662076
47871532899705,0.0006872228696011007,-0.00007635809743078426,-0.001679878099821508
47871532920070,0.00007635809743078426,-0.0012980876490473747,0.0001527161948615685
47871532929497,0.0006872228696011007,-0.0006872228696011007,-0.00045814859913662076
47871532948038,-0.0017562361899763346,-0.0006872228696011007,-0.002290742937475443
47871532953247,-0.0011453714687377214,0.0005345066892914474,0.0007635809597559273
47871532965642,-0.0011453714687377214,-0.0006872228696011007,0.0007635809597559273
47871532973403,-0.0011453714687377214,-0.00007635809743078426,0.0007635809597559273
47871532986215,0.00007635809743078426,0.0017562361899763346,-0.001679878099821508
47871532995851,-0.0005345066892914474,0.0011453714687377214,-0.001679878099821508
47871533005017,0.0012980876490473747,0.0011453714687377214,0.0013744457392022014
47871533018090,0.0006872228696011007,0.0005345066892914474,0.00022907429956831038
47871533027622,0.0006872228696011007,-0.00007635809743078426,-0.00038179047987796366
47871533032465,-0.0005345066892914474,-0.0006872228696011007,-0.0022143847309052944
47871533045382,-0.0011453714687377214,-0.00007635809743078426,-0.00038179047987796366
47871533052674,0.00007635809743078426,-0.00007635809743078426,0.00022907429956831038
47871533061945,-0.0011453714687377214,0.0011453714687377214,0.00022907429956831038
47871533070695,0.0006872228696011007,0.0023671009112149477,-0.00038179047987796366
47871533083507,0.00007635809743078426,0.0011453714687377214,-0.0016035200096666813
47871533090330,-0.0005345066892914474,-0.0006872228696011007,0.000839939049910754
47871533099132,0.0012980876490473747,-0.00007635809743078426,0.000839939049910754
47871533107101,0.0012980876490473747,0.0011453714687377214,-0.00038179047987796366
47871533118715,-0.0011453714687377214,-0.00007635809743078426,0.00022907429956831038
47871533122934,-0.0017562361899763346,-0.0012980876490473747,0.00022907429956831038
47871533134236,-0.0017562361899763346,-0.0006872228696011007,0.00022907429956831038
47871533146945,-0.0005345066892914474,-0.00007635809743078426,-0.0009926552884280682
47871533151007,-0.0011453714687377214,-0.0006872228696011007,0.00022907429956831038
47871533331476,0.00007635809743078426,0.0005345066892914474,0.001450803829357028
47871535036684,0.00007635809743078426,0.0005345066892914474,-0.0009926552884280682
47871537533455,-0.0011453714687377214,-0.0006872228696011007,0.001450803829357028
47871540433299,-0.0011453714687377214,-0.00007635809743078426,0.000839939049910754
47871605392569,0.00007635809743078426,-0.0019089524867013097,0.001450803829357028
47871605446319,-0.0005345066892914474,-0.0006872228696011007,0.00022907429956831038
47871605469132,-0.0005345066892914474,-0.00007635809743078426,0.000839939049910754
47871605479028,-0.0005345066892914474,0.0005345066892914474,0.001450803829357028
47871605487413,-0.0011453714687377214,-0.0012980876490473747,0.00022907429956831038
47871605491997,0.00007635809743078426,-0.00007635809743078426,-0.00038179047987796366
47871605505069,-0.0005345066892914474,0.0005345066892914474,-0.00038179047987796366
47871605514965,0.0012980876490473747,-0.00007635809743078426,0.00022907429956831038
47871605524028,-0.0005345066892914474,0.0011453714687377214,0.00022907429956831038
47871605538715,0.00007635809743078426,0.0011453714687377214,-0.00038179047987796366
47871605548403,-0.0005345066892914474,0.0005345066892914474,0.00022907429956831038
47871605552830,-0.0017562361899763346,-0.0012980876490473747,0.00022907429956831038
47871605568247,-0.0011453714687377214,-0.0006872228696011007,-0.0009926552884280682
47871605577361,-0.0011453714687377214,-0.0006872228696011007,-0.0009926552884280682
47871605589705,-0.0005345066892914474,-0.00007635809743078426,0.00022907429956831038
47871605599236,-0.0011453714687377214,0.0005345066892914474,0.00022907429956831038
47871605608403,0.0012980876490473747,0.0005345066892914474,-0.00038179047987796366
47871605617622,0.00007635809743078426,0.0011453714687377214,-0.00038179047987796366
47871605634288,-0.0011453714687377214,-0.00007635809743078426,0.00022907429956831038
47871605638872,0.0001527161948615685,-0.00007635809743078426,0.00022907429956831038
47871605652257,0.0001527161948615685,0.0017562361899763346,0.00022907429956831038
47871605656684,0.0001527161948615685,0.0011453714687377214,-0.00038179047987796366
47871605667882,0.0007635809597559273,0.0011453714687377214,0.000839939049910754
47871605682674,0.0001527161948615685,-0.00007635809743078426,0.000839939049910754
47871605690382,-0.00045814859913662076,-0.0006872228696011007,0.00022907429956831038
47871605694757,-0.0010690133785828948,0.0005345066892914474,-0.0009926552884280682
47871605705382,-0.0010690133785828948,0.0017562361899763346,-0.00038179047987796366
47871606340069,0.0001527161948615685,0.0011453714687377214,-0.0009926552884280682
47871608661528,0.0001527161948615685,0.0005345066892914474,0.000839939049910754
47871613853194,-0.00045814859913662076,0.0005345066892914474,-0.0009926552884280682
47871613860486,0.0001527161948615685,0.0011453714687377214,-0.0009926552884280682
47871679289028,-0.00045814859913662076,0.0011453714687377214,-0.00038179047987796366
47871679344184,-0.0010690133785828948,-0.00007635809743078426,-0.0016035200096666813
47871679357674,-0.00045814859913662076,-0.0006872228696011007,-0.0009926552884280682
47871679372778,-0.0010690133785828948,-0.0007635809597559273,-0.0016035200096666813
47871679387361,-0.0010690133785828948,-0.0001527161948615685,0.00022907429956831038
47871679392622,0.0001527161948615685,-0.0001527161948615685,-0.00038179047987796366
47871679403194,0.0013744457392022014,-0.0007635809597559273,-0.00038179047987796366
47871679417205,-0.0010690133785828948,-0.0001527161948615685,-0.00038179047987796366
47871679424705,0.0001527161948615685,-0.0001527161948615685,0.000839939049910754
47871679434132,0.0007635809597559273,0.00045814859913662076,0.001450803829357028
47871679442986,-0.001679878099821508,-0.0019853105768561363,0.00022907429956831038
47871679452517,-0.00045814859913662076,-0.0007635809597559273,-0.00038179047987796366
47871679466997,-0.001679878099821508,0.00045814859913662076,-0.0009926552884280682
47871679471788,-0.00045814859913662076,0.0010690133785828948,0.00022907429956831038
47871679486684,0.0001527161948615685,-0.0001527161948615685,-0.0009926552884280682
47871679491215,0.0001527161948615685,-0.0019853105768561363,0.00022907429956831038
47871679500694,-0.0010690133785828948,-0.0001527161948615685,0.000839939049910754
47871679514236,0.0001527161948615685,0.00045814859913662076,0.00022907429956831038
47871679521788,-0.00045814859913662076,-0.0001527161948615685,0.000839939049910754
47871679535122,-0.001679878099821508,-0.0001527161948615685,0.002061668550595641
47871679539965,-0.0010690133785828948,-0.0001527161948615685,0.00022907429956831038
47871679551840,0.0007635809597559273,0.00045814859913662076,0.000839939049910754
47871679564861,0.0019853105768561363,0.00045814859913662076,0.000839939049910754
47871679573924,-0.0016035200096666813,-0.0001527161948615685,-0.00038179047987796366
47871679578194,0.00022907429956831038,0.00045814859913662076,-0.0009926552884280682
47871679592101,0.00022907429956831038,0.0010690133785828948,-0.0009926552884280682
47871679596215,-0.00038179047987796366,0.00045814859913662076,0.00022907429956831038
47871680659288,0.00022907429956831038,0.0010690133785828948,-0.0016035200096666813
47871682799444,-0.00038179047987796366,0.00045814859913662076,-0.0009926552884280682
47871685433247,-0.00038179047987796366,0.00045814859913662076,-0.0016035200096666813
47871686867413,-0.00038179047987796366,0.001679878099821508,-0.0016035200096666813
47871750054236,-0.0009926552884280682,-0.0001527161948615685,-0.00038179047987796366
47871750067622,-0.0009926552884280682,0.0010690133785828948,-0.0009926552884280682
47871750092465,-0.0009926552884280682,0.0010690133785828948,-0.00038179047987796366
47871750098247,0.00022907429956831038,0.00045814859913662076,0.000839939049910754
47871750110017,0.00022907429956831038,0.00045814859913662076,0.00022907429956831038
47871750128924,0.001450803829357028,0.00045814859913662076,-0.00038179047987796366
47871750143090,-0.00038179047987796366,-0.0007635809597559273,-0.00038179047987796366
47871750148663,0.00022907429956831038,0.0010690133785828948,0.00022907429956831038
47871750165903,-0.00038179047987796366,0.0010690133785828948,-0.00038179047987796366
47871750171632,-0.0016035200096666813,0.001679878099821508,0.000305432389723137
47871750185642,-0.0009926552884280682,-0.0007635809597559273,-0.000305432389723137
47871750197674,-0.00038179047987796366,0.0010690133785828948,-0.0015271619195118546
47871750205538,0.000839939049910754,0.0010690133785828948,0.0009162971982732415
47871750220851,0.000839939049910754,0.00045814859913662076,-0.000305432389723137
47871750226215,0.00022907429956831038,0.0010690133785828948,-0.0009162971982732415
47871750241111,0.00022907429956831038,-0.0001527161948615685,-0.000305432389723137
47871750248767,-0.00038179047987796366,-0.0001527161948615685,0.000305432389723137
47871750258142,0.00022907429956831038,0.0010690133785828948,0.0009162971982732415
47871750268090,-0.0022143847309052944,-0.0001527161948615685,-0.000305432389723137
47871750285486,-0.00038179047987796366,0.00045814859913662076,0.000305432389723137
47871750289913,-0.00038179047987796366,-0.0001527161948615685,0.0015271619195118546
47871750304028,0.000305432389723137,0.00045814859913662076,-0.000305432389723137
47871750308299,0.000305432389723137,0.00045814859913662076,0.000305432389723137
47871750323924,0.000305432389723137,-0.0001527161948615685,-0.000305432389723137
47871750328247,0.000305432389723137,0.00045814859913662076,-0.0021380267571657896
47871750340903,-0.000305432389723137,0.00045814859913662076,-0.000305432389723137
47871751654549,-0.0009162971982732415,-0.000839939049910754,0.0015271619195118546
47871755303872,-0.0015271619195118546,0.0009926552884280682,0.000305432389723137
47871755652309,0.0015271619195118546,0.0009926552884280682,0.000305432389723137
47871757979601,0.0015271619195118546,-0.001450803829357028,0.000305432389723137
47871818956736,0.0015271619195118546,0.00038179047987796366,0.000305432389723137
47871819015538,-0.0009162971982732415,0.00038179047987796366,-0.0009162971982732415
47871819033194,-0.000305432389723137,0.00038179047987796366,-0.0009162971982732415
47871819044653,-0.000305432389723137,0.00038179047987796366,0.000305432389723137
47871819054861,0.000305432389723137,-0.001450803829357028,0.0009162971982732415
47871819059705,0.000305432389723137,0.00038179047987796366,-0.0015271619195118546
47871819075174,-0.000305432389723137,-0.00022907429956831038,-0.0009162971982732415
47871819088976,-0.000305432389723137,-0.001450803829357028,0.000305432389723137
47871819094132,-0.0009162971982732415,-0.000839939049910754,0.0009162971982732415
47871819103455,0.000305432389723137,-0.000839939049910754,0.0027488914784044027
47871819129757,0.000305432389723137,-0.000839939049910754,0.0009162971982732415
47871819138038,-0.000305432389723137,0.0009926552884280682,-0.000305432389723137
47871819151944,0.000305432389723137,0.0009926552884280682,0.000305432389723137
47871819156944,0.0009162971982732415,-0.00022907429956831038,0.000305432389723137
47871819172309,0.0015271619195118546,-0.00022907429956831038,0.0009162971982732415
47871819179965,0.0015271619195118546,0.00038179047987796366,-0.000305432389723137
47871819190017,0.0015271619195118546,-0.00022907429956831038,0.0009162971982732415
47871819199340,0.000305432389723137,-0.000839939049910754,-0.000305432389723137
47871819203767,-0.000305432389723137,-0.000839939049910754,-0.0009162971982732415
47871819215538,-0.000305432389723137,-0.000839939049910754,-0.000305432389723137
47871819223976,-0.0009162971982732415,0.00038179047987796366,0.0015271619195118546
47871819236580,-0.000305432389723137,-0.001450803829357028,0.000305432389723137
47871819244080,0.000305432389723137,-0.000839939049910754,-0.000305432389723137
47871819251371,0.0009162971982732415,-0.00022907429956831038,0.0009162971982732415
47871819260174,0.000305432389723137,-0.00022907429956831038,0.000305432389723137
47871821200121,-0.0009162971982732415,0.0016035200096666813,-0.0021380267571657896
47871823019288,0.0009162971982732415,0.00038179047987796366,0.0009162971982732415
47871825735434,-0.000305432389723137,0.00038179047987796366,0.0009162971982732415
47871826845069,-0.000305432389723137,-0.00022907429956831038,-0.0009162971982732415
47871886652621,0.000305432389723137,0.00038179047987796366,-0.000305432389723137
47871886706788,-0.0009162971982732415,0.0015271619195118546,-0.0009162971982732415
47871886730434,0.000305432389723137,0.0009162971982732415,-0.0009162971982732415
47871886735642,-0.0009162971982732415,-0.000305432389723137,0.0021380267571657896
47871886745694,-0.000305432389723137,0.000305432389723137,0.0009162971982732415
47871886760486,-0.000305432389723137,0.000305432389723137,0.000305432389723137
47871886779132,0.000305432389723137,0.0009162971982732415,-0.0009162971982732415
47871886784913,-0.000305432389723137,0.000305432389723137,-0.0015271619195118546
47871886789809,0.000305432389723137,-0.0009162971982732415,0.000305432389723137
47871886800069,0.0015271619195118546,-0.0009162971982732415,0.0015271619195118546
47871886816371,-0.0009162971982732415,-0.000305432389723137,-0.0009162971982732415
47871886825903,-0.000305432389723137,0.0009162971982732415,0.000305432389723137
47871886836528,0.000305432389723137,0.0015271619195118546,0.0009162971982732415
47871886851788,0.0009162971982732415,0.0009162971982732415,-0.000305432389723137
47871886862569,0.000305432389723137,0.000305432389723137,0.000305432389723137
47871886870590,0.0009162971982732415,-0.0009162971982732415,0.000305432389723137
47871886879028,0.0009162971982732415,-0.000305432389723137,0.000305432389723137
47871886887726,0.0009162971982732415,-0.000305432389723137,-0.000305432389723137
47871886901111,0.0015271619195118546,-0.0009162971982732415,0.0015271619195118546
47871886918351,0.000305432389723137,-0.0021380267571657896,-0.0009162971982732415
47871886923403,0.000305432389723137,-0.000305432389723137,-0.000305432389723137
47871886932049,-0.000305432389723137,-0.000305432389723137,-0.0015271619195118546
47871886940434,0.0009162971982732415,-0.000305432389723137,-0.0009162971982732415
47871886955590,0.000305432389723137,0.0015271619195118546,-0.0009162971982732415
47871886959757,-0.0021380267571657896,0.0015271619195118546,-0.0009162971982732415
47871888831163,-0.000305432389723137,0.0021380267571657896,0.000305432389723137
47871891532674,-0.000305432389723137,-0.0015271619195118546,0.000305432389723137
47871895581059,-0.000305432389723137,-0.000305432389723137,-0.0027488914784044027
47871895593871,0.000305432389723137,0.000305432389723137,0.000305432389723137
47871952731163,-0.0021380267571657896,0.0015271619195118546,0.000305432389723137
47871952777153,0.0015271619195118546,-0.0021380267571657896,0.000305432389723137
47871952790486,0.000305432389723137,0.000305432389723137,0.0009162971982732415
47871952803976,-0.000305432389723137,0.000305432389723137,-0.000305432389723137
47871952813611,-0.0009162971982732415,0.000305432389723137,0.000305432389723137
47871952822882,0.000305432389723137,0.003359756199643016,0.0021380267571657896
47871952832101,0.000305432389723137,-0.0015271619195118546,0.0009162971982732415
47871952843715,-0.000305432389723137,0.0027488914784044027,-0.0015271619195118546
47871952848351,0.0009162971982732415,-0.000305432389723137,-0.000305432389723137
47871952860799,0.0009162971982732415,-0.0015271619195118546,0.0021380267571657896
47871952865121,0.000305432389723137,-0.0009162971982732415,0.000305432389723137
47871952877830,0.0015271619195118546,-0.0021380267571657896,-0.0009162971982732415
47871952890069,-0.000305432389723137,-0.0015271619195118546,0.0009162971982732415
47871952894236,0.000305432389723137,-0.0015271619195118546,0.0009162971982732415
47871952902986,0.0015271619195118546,-0.0015271619195118546,0.000305432389723137
47871952915226,0.0009162971982732415,-0.0021380267571657896,0.003359756199643016
47871952926267,0.0009162971982732415,0.000305432389723137,0.0009162971982732415
47871952934705,0.0009162971982732415,-0.000305432389723137,0.0009162971982732415
47871952943455,-0.000305432389723137,-0.0009162971982732415,-0.0009162971982732415
47871952947726,-0.0009162971982732415,-0.000305432389723137,0.000305432389723137
47871952962205,0.0015271619195118546,-0.0009162971982732415,-0.0009162971982732415
47871952976163,-0.0015271619195118546,-0.0027488914784044027,-0.0021380267571657896
47871952989028,-0.0009162971982732415,-0.000305432389723137,-0.000305432389723137
47871953309913,0.0009162971982732415,0.0015271619195118546,-0.000305432389723137
47871956123924,-0.000305432389723137,0.0021380267571657896,-0.0021380267571657896
47871957574132,-0.000305432389723137,0.000305432389723137,-0.0015271619195118546
47871960545330,0.0015271619195118546,0.0009162971982732415,-0.000305432389723137
47872012447205,-0.0021380267571657896,-0.0009162971982732415,-0.0009162971982732415
47872012504913,0.000305432389723137,0.0009162971982732415,-0.000305432389723137
47872012523663,0.0015271619195118546,-0.0015271619195118546,0.000305432389723137
47872012528246,-0.0021380267571657896,0.0009162971982732415,-0.0009162971982732415
47872012538924,-0.0015271619195118546,-0.0015271619195118546,0.000305432389723137
47872012552413,0.0021380267571657896,-0.0009162971982732415,0.0009162971982732415
47872012561944,-0.000305432389723137,-0.0015271619195118546,-0.000305432389723137
47872012571424,-0.000305432389723137,-0.0027488914784044027,-0.000305432389723137
47872012585174,0.0021380267571657896,0.0027488914784044027,0.0009162971982732415
47872012596632,0.0009162971982732415,-0.003359756199643016,0.0009162971982732415
47872012605642,0.003970621153712273,-0.000305432389723137,0.0009162971982732415
47872012613924,0.0015271619195118546,-0.004581485874950886,0.0015271619195118546
47872012618455,0.000305432389723137,0.003359756199643016,-0.000305432389723137
47872012635903,-0.0015271619195118546,-0.0009162971982732415,-0.000305432389723137
47872012643246,0.000305432389723137,0.003970621153712273,0.000305432389723137
47872012651996,-0.0027488914784044027,-0.0009162971982732415,-0.0009162971982732415
47872012660538,-0.000305432389723137,0.0021380267571657896,-0.0009162971982732415
47872012673507,0.000305432389723137,-0.0027488914784044027,-0.0009162971982732415
47872012684861,-0.000305432389723137,0.0021380267571657896,0.000305432389723137
47872012689236,0.0009162971982732415,0.0009162971982732415,-0.000305432389723137
47872012697517,0.000305432389723137,0.0009162971982732415,-0.0009162971982732415
47872012706007,-0.0021380267571657896,0.000305432389723137,-0.0015271619195118546
47872015603299,0.0015271619195118546,-0.0015271619195118546,-0.000305432389723137
47872016881632,-0.0015271619195118546,0.0009162971982732415,-0.000305432389723137
47872019796371,-0.000305432389723137,0.003359756199643016,0.000305432389723137
47872022294757,0.000305432389723137,-0.0015271619195118546,-0.000305432389723137
47872076478351,-0.0015271619195118546,-0.0015271619195118546,0.0009162971982732415
47872076510382,0.0009162971982732415,0.0009162971982732415,0.000305432389723137
47872076530538,-0.0009162971982732415,-0.0009162971982732415,-0.000305432389723137
47872076536736,0.0015271619195118546,-0.000305432389723137,0.0009162971982732415
47872076545746,0.000305432389723137,-0.0009162971982732415,0.0015271619195118546
47872076553871,-0.0009162971982732415,0.0021380267571657896,0.000305432389723137
47872076568351,-0.0021380267571657896,-0.0021380267571657896,0.000305432389723137
47872076582830,0.000305432389723137,0.0021380267571657896,0.000305432389723137
47872076586944,-0.0009162971982732415,-0.005192350596189499,-0.000305432389723137
47872076599913,0.00022907429956831038,0.0009162971982732415,0.0009162971982732415
47872076608976,0.001450803829357028,-0.003359756199643016,0.0015271619195118546
47872076618246,-0.0009926552884280682,0.0016035200096666813,0.0009162971982732415
47872076627882,-0.0009926552884280682,-0.002061668550595641,-0.0009162971982732415
47872076641215,0.000839939049910754,-0.00022907429956831038,0.000305432389723137
47872076648559,-0.0034361144062131643,-0.00022907429956831038,-0.000305432389723137
47872076657205,0.00022907429956831038,-0.000839939049910754,0.0015271619195118546
47872076670226,0.00022907429956831038,0.0009926552884280682,-0.0015271619195118546
47872076676371,-0.00038179047987796366,-0.000839939049910754,0.000305432389723137
47872076684028,0.001450803829357028,-0.00022907429956831038,0.0021380267571657896
47872076697101,0.00022907429956831038,-0.004505127668380737,0.0021380267571657896
47872076701267,0.00022907429956831038,0.002825249684974551,-0.000305432389723137
47872076716423,-0.00038179047987796366,-0.008170315995812416,-0.0015271619195118546
47872076724965,0.002061668550595641,-0.00022907429956831038,-0.0015271619195118546
47872079288403,0.000839939049910754,0.00038179047987796366,0.0015271619195118546
47872081561007,0.002061668550595641,-0.00022907429956831038,0.0015271619195118546
47872085353976,0.000839939049910754,-0.003894262947142124,-0.000305432389723137
47872085420903,0.001450803829357028,0.005268708802759647,0.000305432389723137
47872140581215,0.000839939049910754,-0.001450803829357028,0.000305432389723137
47872140627257,0.00022907429956831038,0.0009926552884280682,-0.000305432389723137
47872140639653,-0.00038179047987796366,-0.002061668550595641,-0.0015271619195118546
47872140658767,-0.0016035200096666813,0.004046979360282421,-0.000305432389723137
47872140663559,0.00022907429956831038,-0.0057268571108579636,0.000305432389723137
47872140672830,-0.00038179047987796366,0.0022143847309052944,-0.000305432389723137
47872140688038,0.002672533504664898,-0.004505127668380737,0.0009162971982732415
47872140693298,-0.0022143847309052944,0.004657844081521034,-0.000305432389723137
47872140705694,0.00022907429956831038,-0.00511599238961935,0.0009162971982732415
47872140714809,0.000839939049910754,0.0009926552884280682,0.000305432389723137
47872140728871,-0.0022143847309052944,0.0016035200096666813,0.0009162971982732415
47872140735851,-0.00038179047987796366,-0.00022907429956831038,0.0009162971982732415
47872140745903,0.00022907429956831038,-0.000839939049910754,-0.0009162971982732415
47872140754184,-0.0016035200096666813,0.002825249684974551,-0.000305432389723137
47872140762882,-0.0016035200096666813,-0.00511599238961935,0.000305432389723137
47872140789080,0.002061668550595641,-0.002061668550595641,0.0027488914784044027
47872140793403,-0.00038179047987796366,0.0034361144062131643,-0.000305432389723137
47872140802621,0.002672533504664898,-0.002672533504664898,0.0009162971982732415
47872140806840,0.000839939049910754,0.0022143847309052944,-0.0027488914784044027
47872140819288,-0.0009926552884280682,0.0010690133785828948,-0.0021380267571657896
47872140826163,0.002061668550595641,0.001679878099821508,-0.0021380267571657896
47872140838194,-0.0016035200096666813,-0.0019853105768561363,0.0009162971982732415
47872141290798,-0.00038179047987796366,0.0010690133785828948,0.0009162971982732415
47872143339340,0.000839939049910754,0.00045814859913662076,0.0009162971982732415
47872145191423,-0.0016035200096666813,-0.0019853105768561363,-0.000305432389723137
47872147311059,0.002061668550595641,0.002290742937475443,0.0009162971982732415
47872150380642,0.001450803829357028,-0.0038179049734026194,0.0015271619195118546
47872201838142,-0.0016035200096666813,0.001679878099821508,0.0009162971982732415
47872201856319,0.00022907429956831038,0.00045814859913662076,-0.0009162971982732415
47872201870382,0.00022907429956831038,-0.0013744457392022014,0.000305432389723137
47872201881007,-0.0022143847309052944,0.002290742937475443,0.000305432389723137
47872201894861,0.002061668550595641,-0.0032070400193333626,0.000305432389723137
47872201907048,-0.00038179047987796366,0.0010690133785828948,-0.000305432389723137
47872201911840,0.00022907429956831038,-0.0007635809597559273,0.0015271619195118546
47872201926059,0.00022907429956831038,-0.0013744457392022014,0.000305432389723137
47872201930746,-0.002825249684974551,-0.0007635809597559273,0.000305432389723137
47872201947361,-0.00038179047987796366,-0.0001527161948615685,-0.0009162971982732415
47872201952934,0.000839939049910754,0.002290742937475443,-0.0022143847309052944
47872201968194,-0.00038179047987796366,-0.0007635809597559273,0.00022907429956831038
47872201976215,0.00022907429956831038,0.004734201822429895,-0.00038179047987796366
47872201986007,0.002061668550595641,-0.004428769461810589,0.002672533504664898
47872201998298,-0.0009926552884280682,-0.0001527161948615685,0.00022907429956831038
47872202007205,0.00022907429956831038,0.00045814859913662076,-0.0009926552884280682
47872202016111,0.00022907429956831038,-0.0025198173243552446,0.00022907429956831038
47872202028142,-0.002825249684974551,0.0029779658652842045,0.00022907429956831038
47872202032309,0.00022907429956831038,-0.0031306820455938578,-0.00038179047987796366
47872202047465,0.002061668550595641,-0.0006872228696011007,0.000839939049910754
47872202051736,0.000839939049910754,-0.0012980876490473747,0.001450803829357028
47872202699184,0.001450803829357028,-0.003741546766832471,0.002061668550595641
47872206003976,0.00022907429956831038,0.0011453714687377214,0.000839939049910754
47872206763819,-0.0009926552884280682,-0.00007635809743078426,-0.00038179047987796366
47872209931892,0.00022907429956831038,-0.00007635809743078426,-0.0016035200096666813
47872263231475,0.00022907429956831038,-0.00007635809743078426,-0.0009926552884280682
47872263291684,0.002061668550595641,0.0017562361899763346,-0.00038179047987796366
47872263298819,0.000839939049910754,-0.0006872228696011007,0.00022907429956831038
47872263320330,0.00022907429956831038,-0.00007635809743078426,0.00022907429956831038
47872263331059,-0.00038179047987796366,0.0035888305865228176,-0.00038179047987796366
47872263351215,-0.00038179047987796366,-0.00007635809743078426,-0.00038179047987796366
47872263356111,-0.0022143847309052944,-0.00007635809743078426,-0.0016035200096666813
47872263366944,-0.00038179047987796366,-0.004963276442140341,0.000839939049910754
47872263372725,0.001450803829357028,0.0029779658652842045,0.00022907429956831038
47872263388559,-0.00038179047987796366,0.0005345066892914474,0.001450803829357028
47872263400642,-0.0009926552884280682,-0.00007635809743078426,0.000839939049910754
47872263405330,0.00022907429956831038,0.0005345066892914474,0.00022907429956831038
47872263413350,-0.0022143847309052944,-0.0025198173243552446,0.000839939049910754
47872263424965,0.000839939049910754,0.0023671009112149477,0.00022907429956831038
47872263433507,0.000839939049910754,-0.0006872228696011007,0.000839939049910754
47872263440642,-0.0009926552884280682,0.0035888305865228176,-0.00038179047987796366
47872263449132,-0.0009926552884280682,-0.00007635809743078426,-0.002825249684974551
47872263457830,-0.00038179047987796366,0.0011453714687377214,-0.0009926552884280682
47872263469965,0.000839939049910754,0.0017562361899763346,-0.00038179047987796366
47872263476996,0.000839939049910754,-0.0006872228696011007,-0.00038179047987796366
47872263489809,0.00022907429956831038,0.0005345066892914474,-0.0016035200096666813
47872263498090,0.000839939049910754,0.0017562361899763346,-0.00038179047987796366
47872265713611,-0.00038179047987796366,-0.001832594396546483,0.001450803829357028
47872266178142,0.000839939049910754,-0.0030543238390237093,0.00022907429956831038
47872269622778,-0.00038179047987796366,-0.000610864779446274,-0.00038179047987796366
47872271642934,0.001450803829357028,0.000610864779446274,-0.0009926552884280682
47872325910955,0.00022907429956831038,0.000610864779446274,0.000839939049910754
47872325972517,0.00022907429956831038,0.002443459117785096,0.000839939049910754
47872325985225,0.000839939049910754,0.0,-0.00038179047987796366
47872326001111,-0.00038179047987796366,0.0,0.00022907429956831038
47872326006059,-0.00038179047987796366,0.001221729558892548,0.001450803829357028
47872326023611,0.00022907429956831038,-0.0030543238390237093,0.001450803829357028
47872326033715,0.002061668550595641,0.0030543238390237093,0.003283398225903511
47872326039496,-0.00038179047987796366,-0.003665188793092966,0.00022907429956831038
47872326048611,0.000839939049910754,0.0030543238390237093,0.001450803829357028
47872326066215,0.001450803829357028,-0.001221729558892548,0.000839939049910754
47872326076007,-0.00038179047987796366,0.004886918235570192,-0.0016035200096666813
47872326086475,0.00022907429956831038,-0.000610864779446274,-0.0022143847309052944
47872326097517,0.000839939049910754,-0.000610864779446274,0.00022907429956831038
47872326115434,0.00022907429956831038,-0.000610864779446274,0.002672533504664898
47872326124392,-0.0009926552884280682,0.000610864779446274,0.00022907429956831038
47872326132830,0.00022907429956831038,-0.000610864779446274,-0.00038179047987796366
47872326137309,0.001450803829357028,-0.000610864779446274,0.001450803829357028
47872326149184,-0.0009926552884280682,0.001221729558892548,0.00022907429956831038
47872326154028,-0.0009926552884280682,-0.001221729558892548,-0.0009926552884280682
47872326166684,-0.00038179047987796366,0.002443459117785096,-0.00038179047987796366
47872326175955,0.0007635809597559273,-0.001221729558892548,0.00022907429956831038
47872326184340,0.0007635809597559273,0.003665188793092966,-0.0009926552884280682
47872326199392,0.0019853105768561363,-0.001832594396546483,0.000839939049910754
47872328146319,0.0007635809597559273,0.000610864779446274,0.000839939049910754
47872330848350,0.0001527161948615685,-0.004276053514331579,-0.00038179047987796366
47872333322986,-0.0010690133785828948,0.004276053514331579,-0.0016035200096666813
