48583651268496,0.0025961752980947495,-0.0013744457392022014,0.0005345066892914474
48583651313548,0.0025961752980947495,0.004734201822429895,-0.00007635809743078426
48583651343652,-0.0010690133785828948,0.002290742937475443,-0.0006872228696011007
48583651349381,-0.00045814859913662076,-0.0007635809597559273,0.0011453714687377214
48583651367350,0.0007635809597559273,-0.0007635809597559273,-0.0006872228696011007
48583651372558,-0.00045814859913662076,0.00045814859913662076,-0.0006872228696011007
48583651383235,0.0007635809597559273,0.0010690133785828948,-0.0012980876490473747
48583651402350,-0.00045814859913662076,-0.0013744457392022014,-0.0019089524867013097
48583651408235,-0.0010690133785828948,0.002290742937475443,-0.0006872228696011007
48583651417923,-0.0010690133785828948,-0.0019853105768561363,-0.00007635809743078426
48583651432246,0.0007635809597559273,0.005955931730568409,0.0005345066892914474
48583651439902,-0.00045814859913662076,0.002290742937475443,-0.00007635809743078426
48583651450267,-0.0010690133785828948,0.003512472379952669,-0.00007635809743078426
48583651457819,0.0007635809597559273,-0.0001527161948615685,-0.00007635809743078426
48583651473912,0.0007635809597559273,0.001679878099821508,-0.0006872228696011007
48583651479485,0.0019853105768561363,-0.0062613640911877155,0.0017562361899763346
48583651489225,0.0007635809597559273,0.00045814859913662076,0.0005345066892914474
48583651503600,-0.00045814859913662076,0.002290742937475443,-0.00007635809743078426
48583651509590,-0.00045814859913662076,-0.0007635809597559273,-0.0012980876490473747
48583651523704,0.0001527161948615685,0.002290742937475443,-0.00007635809743078426
48583651533704,-0.001679878099821508,0.00045814859913662076,0.0005345066892914474
48583651541621,0.0001527161948615685,0.002290742937475443,-0.00007635809743078426
48583651557454,0.0013744457392022014,-0.0013744457392022014,0.0017562361899763346
48583651569017,0.0019853105768561363,0.002901607658714056,0.0023671009112149477
48583651574485,0.0001527161948615685,-0.0019853105768561363,-0.0019089524867013097
48583651583860,-0.0010690133785828948,-0.0001527161948615685,-0.00007635809743078426
48583651594694,0.0001527161948615685,-0.0013744457392022014,-0.0006872228696011007
48583651607819,0.0007635809597559273,0.0010690133785828948,-0.00007635809743078426
48583651617037,-0.0010690133785828948,-0.0032070400193333626,0.0005345066892914474
48583651625787,0.0007635809597559273,-0.0007635809597559273,0.0005345066892914474
48583651635892,0.0001527161948615685,0.001679878099821508,0.0011453714687377214
48583651651933,-0.001679878099821508,-0.0019853105768561363,-0.0012980876490473747
48583651669329,0.0007635809597559273,0.006566796451807022,-0.00007635809743078426
48583651674433,0.0007635809597559273,0.0010690133785828948,-0.0006872228696011007
48583651683079,0.0001527161948615685,0.002290742937475443,-0.0006872228696011007
48583651692246,-0.00045814859913662076,0.00045814859913662076,-0.0006872228696011007
48583651706360,0.0007635809597559273,0.00045814859913662076,0.0023671009112149477
48583651716673,0.0001527161948615685,-0.0007635809597559273,0.0011453714687377214
48583651726517,-0.001679878099821508,-0.0038179049734026194,0.0017562361899763346
48583651737090,-0.00045814859913662076,0.002901607658714056,-0.0006872228696011007
48583651750996,0.0013744457392022014,-0.0038179049734026194,0.0005345066892914474
48583651761048,-0.001679878099821508,0.0010690133785828948,-0.00007635809743078426
48583651773287,-0.001679878099821508,-0.0038179049734026194,-0.0006872228696011007
48583651782871,0.0013744457392022014,-0.0001527161948615685,-0.00007635809743078426
48583651796256,0.0001527161948615685,-0.0019853105768561363,-0.0019089524867013097
48583651801048,0.0019853105768561363,0.001679878099821508,-0.00007635809743078426
48583651810371,-0.002290742937475443,-0.008093958720564842,0.0011453714687377214
48583651820944,0.0001527161948615685,-0.010537417605519295,0.0011453714687377214
48583651830162,0.0001527161948615685,-0.0019853105768561363,-0.0019089524867013097
48583651844225,-0.0010690133785828948,0.001679878099821508,0.0011453714687377214
48583651854017,-0.0010690133785828948,0.0010690133785828948,-0.00007635809743078426
48583651861465,0.0013744457392022014,0.003512472379952669,-0.0019089524867013097
48583651878912,0.0001527161948615685,0.002901607658714056,-0.0019089524867013097
48583651883965,0.0001527161948615685,-0.0007635809597559273,-0.0012980876490473747
48583651893808,-0.0010690133785828948,0.00045814859913662076,-0.00007635809743078426
48583651902975,-0.00045814859913662076,-0.0025961752980947495,0.0011453714687377214
48583651914798,0.0019853105768561363,0.00045814859913662076,0.0005345066892914474
48583651926881,-0.0010690133785828948,0.00045814859913662076,-0.0006872228696011007
48583651931412,0.0001527161948615685,0.002290742937475443,0.0005345066892914474
48583651939590,0.0013744457392022014,0.00045814859913662076,-0.0006872228696011007
48583651948183,-0.003512472379952669,0.00045814859913662076,-0.0025198173243552446
48583652557454,-0.001679878099821508,-0.004428769461810589,-0.0025198173243552446
48583655810058,0.0019853105768561363,-0.0001527161948615685,0.0005345066892914474
48583657403340,0.0013744457392022014,-0.0001527161948615685,-0.00007635809743078426
48583660360527,0.0013744457392022014,0.00045814859913662076,-0.0006872228696011007
48583804180475,0.0013744457392022014,0.0010690133785828948,-0.0012980876490473747
48583804202454,-0.0010690133785828948,-0.0019853105768561363,-0.0012980876490473747
48583804217298,0.0001527161948615685,0.00045814859913662076,-0.0006872228696011007
48583804226933,0.0001527161948615685,-0.0019853105768561363,-0.00007635809743078426
48583804231464,-0.0010690133785828948,0.00045814859913662076,-0.0006872228696011007
48583804244850,-0.00045814859913662076,0.002290742937475443,-0.0006872228696011007
48583804252558,0.0007635809597559273,-0.0001527161948615685,0.0005345066892914474
48583804266569,-0.0010690133785828948,-0.0019853105768561363,0.0005345066892914474
48583804279173,-0.00045814859913662076,0.001679878099821508,-0.00007635809743078426
48583804284121,0.0013744457392022014,-0.0007635809597559273,0.0005345066892914474
48583804293808,-0.0010690133785828948,0.00045814859913662076,0.0005345066892914474
48583804304017,-0.0010690133785828948,0.001679878099821508,-0.00007635809743078426
48583804312975,0.0013744457392022014,0.00045814859913662076,0.0005345066892914474
48583804326412,0.0007635809597559273,0.003512472379952669,0.0005345066892914474
48583804333860,0.0007635809597559273,0.0010690133785828948,-0.00007635809743078426
48583804343444,0.0007635809597559273,0.002290742937475443,-0.0012980876490473747
48583804352923,-0.001679878099821508,-0.0019853105768561363,-0.0006872228696011007
48583804365996,0.0001527161948615685,-0.0007635809597559273,-0.00007635809743078426
48583804380214,0.0001527161948615685,-0.0007635809597559273,0.0011453714687377214
48583804384850,0.0007635809597559273,-0.0007635809597559273,-0.00007635809743078426
48583804392610,0.0013744457392022014,-0.0001527161948615685,-0.00007635809743078426
48583804409277,0.0013744457392022014,0.002901607658714056,-0.00007635809743078426
48583804420996,-0.00045814859913662076,0.002290742937475443,-0.0012980876490473747
48583804430892,0.0019853105768561363,0.002901607658714056,-0.0006872228696011007
48583804440006,-0.0010690133785828948,-0.0007635809597559273,-0.00007635809743078426
48583804449069,-0.00045814859913662076,0.001679878099821508,-0.0006872228696011007
48583804460214,0.0025961752980947495,0.00045814859913662076,0.0005345066892914474
48583804469225,0.0013744457392022014,0.0010690133785828948,0.0005345066892914474
48583804478079,-0.001679878099821508,-0.0001527161948615685,-0.0006872228696011007
48583804486881,-0.00045814859913662076,0.00045814859913662076,-0.0006872228696011007
48583804499746,0.0001527161948615685,-0.0007635809597559273,0.0005345066892914474
48583804508860,-0.0010690133785828948,-0.0007635809597559273,0.0005345066892914474
48583804515944,0.0007635809597559273,0.00045814859913662076,0.0005345066892914474
48583804524746,0.0013744457392022014,0.00045814859913662076,0.0005345066892914474
48583804535944,0.0001527161948615685,-0.0007635809597559273,-0.00007635809743078426
48583804549121,0.0001527161948615685,-0.0007635809597559273,-0.0006872228696011007
48583804553756,-0.0010690133785828948,0.0010690133785828948,0.0005345066892914474
48583804566360,0.0001527161948615685,0.0010690133785828948,0.0005345066892914474
48583804577610,0.0001527161948615685,0.00045814859913662076,0.0005345066892914474
48583804582246,-0.0010690133785828948,-0.0001527161948615685,-0.00007635809743078426
48583804592350,0.0001527161948615685,0.00045814859913662076,-0.0006872228696011007
48583804605683,0.0007635809597559273,0.00045814859913662076,-0.0019089524867013097
48583804615371,-0.0010690133785828948,-0.0001527161948615685,-0.0019089524867013097
48583804622454,0.0007635809597559273,-0.0001527161948615685,-0.0019089524867013097
48583804631412,0.0007635809597559273,-0.0001527161948615685,0.0005345066892914474
48583804642923,-0.0010690133785828948,-0.0001527161948615685,0.0023671009112149477
48583804647298,0.0001527161948615685,-0.0001527161948615685,0.0005345066892914474
48583804661985,0.0001527161948615685,-0.0007635809597559273,-0.0006872228696011007
48583804666933,-0.002290742937475443,-0.0013744457392022014,-0.0006872228696011007
48583804675162,-0.0010690133785828948,-0.0007635809597559273,0.0005345066892914474
48583804684329,-0.0010690133785828948,-0.0007635809597559273,-0.0006872228696011007
48583804705319,0.0001527161948615685,0.00045814859913662076,-0.0006872228696011007
48583804716100,0.0019853105768561363,-0.0007635809597559273,-0.00007635809743078426
48583804723027,0.0001527161948615685,-0.0001527161948615685,-0.00007635809743078426
48583804727298,0.0013744457392022014,0.0010690133785828948,-0.0006872228696011007
48583804739121,0.0001527161948615685,0.00045814859913662076,-0.00007635809743078426
48583804749121,-0.0010690133785828948,0.00045814859913662076,-0.0006872228696011007
48583804760996,-0.00045814859913662076,0.0010690133785828948,-0.0012980876490473747
48583804765110,-0.0010690133785828948,-0.0007635809597559273,-0.00007635809743078426
48583804773808,-0.0010690133785828948,0.00045814859913662076,0.0005345066892914474
48583805493496,-0.00045814859913662076,-0.0001527161948615685,-0.0006872228696011007
48583807156048,-0.00045814859913662076,-0.0007635809597559273,-0.0006872228696011007
48583810306412,-0.0010690133785828948,0.00045814859913662076,0.0005345066892914474
48583813103964,0.0013744457392022014,0.00045814859913662076,-0.0019089524867013097
48583983930944,-0.0010690133785828948,-0.0001527161948615685,-0.0012980876490473747
48583983976829,0.0013744457392022014,-0.0001527161948615685,0.0011453714687377214
48583983989121,0.0001527161948615685,0.001679878099821508,-0.0012980876490473747
48583984023496,0.0001527161948615685,0.0010690133785828948,0.0005345066892914474
48583984035110,0.0001527161948615685,-0.0007635809597559273,0.0005345066892914474
48583984044902,0.0013744457392022014,-0.0001527161948615685,0.0005345066892914474
48583984054121,0.0007635809597559273,-0.0001527161948615685,-0.00007635809743078426
48583984062714,0.0019853105768561363,0.00045814859913662076,-0.00007635809743078426
48583984075214,0.0007635809597559273,0.00045814859913662076,0.0017562361899763346
48583984087558,0.0007635809597559273,-0.0013744457392022014,0.0005345066892914474
48583984092246,-0.00045814859913662076,0.00045814859913662076,-0.00007635809743078426
48583984101204,-0.0010690133785828948,0.00045814859913662076,-0.0006872228696011007
48583984114277,0.0001527161948615685,0.00045814859913662076,-0.0019089524867013097
48583984123079,0.0001527161948615685,0.00045814859913662076,-0.00007635809743078426
48583984131985,0.0007635809597559273,0.0010690133785828948,0.0005345066892914474
48583984139381,0.0001527161948615685,0.0010690133785828948,-0.00007635809743078426
48583984148183,0.0007635809597559273,0.00045814859913662076,0.0005345066892914474
48583984160371,-0.00045814859913662076,-0.0001527161948615685,-0.0006872228696011007
48583984168704,-0.001679878099821508,0.00045814859913662076,0.0005345066892914474
48583984181100,0.0001527161948615685,-0.0001527161948615685,0.0005345066892914474
48583984185787,0.0019853105768561363,0.00045814859913662076,-0.0006872228696011007
48583984198131,0.0007635809597559273,0.0010690133785828948,-0.0012980876490473747
48583984207246,0.0001527161948615685,0.00045814859913662076,-0.0006872228696011007
48583984215006,0.0013744457392022014,-0.0001527161948615685,0.0005345066892914474
48583984235996,0.0001527161948615685,0.0010690133785828948,0.0011453714687377214
48583984243391,0.0001527161948615685,-0.0001527161948615685,-0.0012980876490473747
48583984255371,0.0007635809597559273,0.00045814859913662076,-0.00007635809743078426
48583984263964,-0.00045814859913662076,0.00045814859913662076,-0.0006872228696011007
48583984273287,0.0013744457392022014,0.00045814859913662076,-0.0006872228696011007
48583984285839,0.0013744457392022014,-0.0007635809597559273,-0.0006872228696011007
48583984300527,0.0013744457392022014,-0.0001527161948615685,-0.00007635809743078426
48583984305006,0.0007635809597559273,-0.0007635809597559273,-0.00007635809743078426
48583984314329,0.0001527161948615685,0.0010690133785828948,-0.0006872228696011007
48583984327871,-0.001679878099821508,-0.0001527161948615685,-0.0019089524867013097
48583984335058,0.0013744457392022014,-0.0007635809597559273,-0.00007635809743078426
48583984343548,-0.0010690133785828948,-0.0001527161948615685,-0.0006872228696011007
48583984352506,0.0001527161948615685,0.00045814859913662076,-0.00007635809743078426
48583984361412,0.0025961752980947495,0.0010690133785828948,0.0011453714687377214
48583984377141,-0.00045814859913662076,-0.0013744457392022014,0.0005345066892914474
48583984382037,0.0013744457392022014,-0.0007635809597559273,0.0005345066892914474
48583984390996,0.0001527161948615685,-0.0001527161948615685,-0.00007635809743078426
48583984400787,-0.00045814859913662076,-0.0007635809597559273,-0.0006872228696011007
48583984413027,0.0001527161948615685,0.00045814859913662076,-0.0006872228696011007
48583984420006,0.0019853105768561363,-0.0001527161948615685,-0.00007635809743078426
48583984426985,0.0007635809597559273,-0.0001527161948615685,0.0005345066892914474
48583984445058,0.0013744457392022014,-0.0001527161948615685,0.0005345066892914474
48583984450058,0.0007635809597559273,-0.0001527161948615685,-0.00007635809743078426
48583984457506,0.0001527161948615685,-0.0007635809597559273,0.0011453714687377214
48583984464589,0.0007635809597559273,-0.0001527161948615685,0.0005345066892914474
48583984473548,-0.00045814859913662076,0.0010690133785828948,-0.00007635809743078426
48583984486048,-0.0010690133785828948,0.0010690133785828948,-0.0006872228696011007
48583984496360,0.0001527161948615685,0.00045814859913662076,0.0005345066892914474
48583984503964,0.0007635809597559273,0.0010690133785828948,-0.00007635809743078426
48583984512975,-0.0010690133785828948,-0.0007635809597559273,-0.00007635809743078426
48583984521673,0.0001527161948615685,-0.0007635809597559273,-0.00007635809743078426
48583984532819,-0.00045814859913662076,-0.0001527161948615685,-0.00007635809743078426
48583984541100,0.0013744457392022014,0.001679878099821508,-0.00007635809743078426
48583984549485,0.0007635809597559273,-0.0001527161948615685,0.0005345066892914474
48583984558183,0.0001527161948615685,0.001679878099821508,0.0005345066892914474
48583984570579,0.0007635809597559273,0.00045814859913662076,-0.0012980876490473747
48583984585787,0.0001527161948615685,-0.0007635809597559273,-0.0006872228696011007
48583984591308,0.0001527161948615685,0.0010690133785828948,0.0005345066892914474
48583984599850,0.0007635809597559273,0.0010690133785828948,-0.00007635809743078426
48583984616048,-0.001679878099821508,-0.0007635809597559273,-0.0006872228696011007
48583984620423,0.0007635809597559273,-0.0013744457392022014,0.0005345066892914474
48583984633391,0.0007635809597559273,0.0010690133785828948,-0.00007635809743078426
48583984641829,0.0007635809597559273,-0.0001527161948615685,-0.00007635809743078426
48583984650579,-0.001679878099821508,0.00045814859913662076,-0.00007635809743078426
48583984657662,-0.0010690133785828948,0.00045814859913662076,-0.00007635809743078426
48583984665891,-0.00045814859913662076,-0.0013744457392022014,-0.0006872228696011007
48583984678079,0.0001527161948615685,-0.0001527161948615685,0.0005345066892914474
48583984685944,-0.00045814859913662076,0.00045814859913662076,-0.00007635809743078426
48583986523912,-0.0010690133785828948,-0.0001527161948615685,-0.0006872228696011007
48583987485631,0.0001527161948615685,0.00045814859913662076,-0.0006872228696011007
48583990462246,-0.00045814859913662076,-0.0013744457392022014,0.0011453714687377214
48583993132610,0.0001527161948615685,-0.0001527161948615685,-0.00007635809743078426
48584159235371,-0.00045814859913662076,-0.0007635809597559273,0.0005345066892914474
48584159281412,0.0001527161948615685,-0.0001527161948615685,-0.00007635809743078426
48584159294641,0.0001527161948615685,-0.0013744457392022014,-0.0012980876490473747
48584159309173,0.0013744457392022014,-0.0007635809597559273,-0.0006872228696011007
48584159323287,0.0001527161948615685,0.00045814859913662076,-0.0006872228696011007
48584159328496,0.0013744457392022014,-0.0001527161948615685,-0.00007635809743078426
48584159335944,0.0007635809597559273,0.002290742937475443,-0.0006872228696011007
48584159349225,-0.00045814859913662076,0.0010690133785828948,-0.00007635809743078426
48584159357923,0.0001527161948615685,0.00045814859913662076,0.0017562361899763346
48584159365735,0.0001527161948615685,-0.0001527161948615685,0.0005345066892914474
48584159374277,0.0007635809597559273,-0.0001527161948615685,0.0011453714687377214
48584159384746,0.0001527161948615685,0.0010690133785828948,-0.00007635809743078426
48584159398860,-0.00045814859913662076,-0.0007635809597559273,0.0005345066892914474
48584159409277,-0.00045814859913662076,0.00045814859913662076,-0.00007635809743078426
48584159419016,0.0001527161948615685,0.00045814859913662076,-0.00007635809743078426
48584159429485,-0.0010690133785828948,-0.0007635809597559273,-0.00007635809743078426
48584159444746,0.0007635809597559273,0.00045814859913662076,-0.00007635809743078426
48584159455162,0.0007635809597559273,0.00045814859913662076,-0.0012980876490473747
48584159464277,-0.00045814859913662076,0.001679878099821508,-0.0012980876490473747
48584159474954,-0.00045814859913662076,-0.0001527161948615685,-0.00007635809743078426
48584159482558,0.0007635809597559273,-0.0001527161948615685,-0.00007635809743078426
48584159507194,0.0007635809597559273,0.0010690133785828948,0.0005345066892914474
48584159518548,0.0007635809597559273,0.0010690133785828948,0.0005345066892914474
48584159529537,0.0001527161948615685,0.0010690133785828948,-0.0006872228696011007
48584159545058,-0.00045814859913662076,-0.0013744457392022014,0.0011453714687377214
48584159556360,-0.00045814859913662076,-0.0001527161948615685,0.0005345066892914474
48584159570527,-0.001679878099821508,-0.0001527161948615685,-0.0006872228696011007
48584159575787,0.0013744457392022014,0.001679878099821508,-0.0019089524867013097
48584159586569,0.0007635809597559273,-0.0001527161948615685,0.0005345066892914474
48584159606985,0.0007635809597559273,-0.0001527161948615685,-0.00007635809743078426
48584159612975,0.0007635809597559273,-0.0001527161948615685,0.0011453714687377214
48584159622819,0.0007635809597559273,0.0010690133785828948,-0.0012980876490473747
48584159635058,-0.00045814859913662076,0.0010690133785828948,-0.0019089524867013097
48584159651256,0.0007635809597559273,0.0010690133785828948,-0.00007635809743078426
48584159661464,0.0007635809597559273,0.0010690133785828948,-0.0006872228696011007
48584159676464,0.0001527161948615685,-0.0001527161948615685,0.0005345066892914474
48584159681673,-0.001679878099821508,-0.0007635809597559273,0.0005345066892914474
48584159696308,0.0001527161948615685,-0.0013744457392022014,-0.0006872228696011007
48584159708183,-0.00045814859913662076,0.00045814859913662076,-0.0006872228696011007
48584159724173,-0.0010690133785828948,-0.0013744457392022014,-0.0006872228696011007
48584159729798,-0.001679878099821508,0.00045814859913662076,-0.0012980876490473747
48584159744954,-0.0010690133785828948,-0.0001527161948615685,-0.0006872228696011007
48584159754433,-0.0010690133785828948,0.0010690133785828948,0.0005345066892914474
48584159764121,0.0007635809597559273,-0.0007635809597559273,0.0005345066892914474
48584159775371,-0.00045814859913662076,-0.0013744457392022014,0.0005345066892914474
48584159786516,-0.0010690133785828948,-0.0001527161948615685,-0.0006872228696011007
48584159802714,-0.00045814859913662076,0.001679878099821508,-0.00007635809743078426
48584159813027,0.0013744457392022014,0.0010690133785828948,-0.0006872228696011007
48584159822975,-0.0010690133785828948,-0.0013744457392022014,-0.00007635809743078426
48584159837610,0.0001527161948615685,-0.0007635809597559273,-0.00007635809743078426
48584159846412,0.0001527161948615685,0.0010690133785828948,-0.00007635809743078426
48584159855683,-0.001679878099821508,0.0010690133785828948,0.0011453714687377214
48584159863652,-0.0010690133785828948,0.00045814859913662076,0.0005345066892914474
48584159873183,-0.00045814859913662076,0.0010690133785828948,-0.0012980876490473747
48584159887350,-0.00045814859913662076,0.0010690133785828948,-0.00007635809743078426
48584159902610,0.0001527161948615685,-0.0007635809597559273,0.0011453714687377214
48584159907246,0.0007635809597559273,-0.0007635809597559273,-0.00007635809743078426
48584159914225,-0.0010690133785828948,-0.0007635809597559273,-0.00007635809743078426
48584159922454,0.0001527161948615685,-0.0001527161948615685,0.0005345066892914474
48584159934589,-0.00045814859913662076,-0.0001527161948615685,0.0011453714687377214
48584159947246,0.0007635809597559273,-0.0001527161948615685,0.0005345066892914474
48584159951777,-0.00045814859913662076,-0.0007635809597559273,-0.0006872228696011007
48584159965735,-0.00045814859913662076,-0.0001527161948615685,-0.0012980876490473747
48584159969954,-0.00045814859913662076,-0.0007635809597559273,-0.0012980876490473747
48584159977819,0.0001527161948615685,-0.0013744457392022014,-0.0006872228696011007
48584159988652,-0.00045814859913662076,-0.0007635809597559273,-0.0006872228696011007
48584159993183,0.0007635809597559273,-0.0001527161948615685,-0.00007635809743078426
48584160026100,-0.00045814859913662076,0.0010690133785828948,-0.00007635809743078426
48584160030631,0.0013744457392022014,-0.0001527161948615685,0.0005345066892914474
48584160038808,0.0007635809597559273,0.002901607658714056,0.0017562361899763346
48584162584225,-0.00045814859913662076,0.0010690133785828948,-0.00007635809743078426
48584165050058,0.0001527161948615685,-0.0001527161948615685,0.0011453714687377214
48584166163027,0.0001527161948615685,0.0010690133785828948,-0.0019089524867013097
48584168083756,-0.00045814859913662076,0.0010690133785828948,-0.00007635809743078426
48584333524746,-0.00045814859913662076,-0.0001527161948615685,-0.0006872228696011007
48584333578756,-0.00045814859913662076,0.00045814859913662076,-0.00007635809743078426
48584333594902,-0.00045814859913662076,-0.0007635809597559273,-0.00007635809743078426
48584333604225,-0.0010690133785828948,0.00045814859913662076,0.0005345066892914474
48584333614902,0.0013744457392022014,0.00045814859913662076,0.0011453714687377214
48584333624225,0.0013744457392022014,0.00045814859913662076,-0.00007635809743078426
48584333641516,0.0001527161948615685,-0.0001527161948615685,-0.00007635809743078426
48584333652037,-0.00045814859913662076,0.00045814859913662076,0.0005345066892914474
48584333662298,-0.00045814859913662076,-0.0007635809597559273,-0.00007635809743078426
48584333672506,-0.0010690133785828948,-0.0019853105768561363,-0.0006872228696011007
48584333688287,-0.00045814859913662076,-0.0001527161948615685,-0.0012980876490473747
48584333696100,-0.0010690133785828948,0.002290742937475443,-0.0012980876490473747
48584333706516,-0.002290742937475443,0.001679878099821508,-0.0019089524867013097
48584333715527,-0.001679878099821508,-0.0019853105768561363,-0.0019089524867013097
48584333729225,0.0007635809597559273,-0.0013744457392022014,-0.0012980876490473747
48584333739381,-0.001679878099821508,-0.0025961752980947495,-0.0006872228696011007
48584333753391,0.0001527161948615685,0.00045814859913662076,-0.00007635809743078426
48584333762350,0.0001527161948615685,-0.0038179049734026194,0.0017562361899763346
48584333771360,0.0007635809597559273,0.0010690133785828948,0.0011453714687377214
48584333781516,0.0007635809597559273,-0.0032070400193333626,0.0005345066892914474
48584333789121,-0.0010690133785828948,-0.0013744457392022014,0.0005345066892914474
48584333801777,-0.002290742937475443,-0.0007635809597559273,-0.0006872228696011007
48584333810579,-0.0010690133785828948,0.0010690133785828948,-0.0012980876490473747
48584333820579,-0.0010690133785828948,-0.0025961752980947495,0.0011453714687377214
48584333831100,-0.0010690133785828948,-0.0007635809597559273,0.0011453714687377214
48584333840891,0.0013744457392022014,0.0010690133785828948,-0.00007635809743078426
48584333857246,0.0001527161948615685,0.002290742937475443,0.0005345066892914474
48584333861985,-0.00045814859913662076,0.002901607658714056,-0.0006872228696011007
48584333869121,0.0019853105768561363,0.003512472379952669,0.0011453714687377214
48584333878287,0.0013744457392022014,-0.0007635809597559273,-0.00007635809743078426
48584333888131,0.0007635809597559273,0.0010690133785828948,-0.0006872228696011007
48584333906621,0.0025961752980947495,0.002290742937475443,-0.0006872228696011007
48584333914225,-0.00045814859913662076,0.002290742937475443,0.0005345066892914474
48584333920110,0.0007635809597559273,-0.0007635809597559273,-0.00007635809743078426
48584333933912,0.0006872228696011007,0.000305432389723137,0.0006872228696011007
48584333942975,-0.0023671009112149477,-0.0021380267571657896,0.0006872228696011007
48584333957558,0.0006872228696011007,-0.0015271619195118546,0.0012980876490473747
48584333962193,-0.0005345066892914474,-0.0027488914784044027,0.00007635809743078426
48584333971881,0.00007635809743078426,0.003359756199643016,-0.0005345066892914474
48584333986308,0.0006872228696011007,-0.0021380267571657896,0.00007635809743078426
48584333995735,-0.0017562361899763346,0.0015271619195118546,-0.0017562361899763346
48584334008808,-0.0005345066892914474,-0.000305432389723137,0.0006872228696011007
48584334021568,-0.0011453714687377214,-0.000305432389723137,-0.0005345066892914474
48584334034329,-0.00045814859913662076,-0.0015271619195118546,-0.0005345066892914474
48584334038912,0.0001527161948615685,0.0009162971982732415,-0.0005345066892914474
48584334051621,0.0001527161948615685,0.0009162971982732415,-0.0005345066892914474
48584334056204,0.0001527161948615685,0.0009162971982732415,0.0006872228696011007
48584334071204,-0.0010690133785828948,-0.004581485874950886,0.0006872228696011007
48584334084173,0.0013744457392022014,-0.0015271619195118546,0.0006872228696011007
48584334088964,0.0019853105768561363,0.000305432389723137,0.0006872228696011007
48584334101933,0.0001527161948615685,-0.000305432389723137,0.00007635809743078426
48584334113131,0.0007635809597559273,0.000305432389723137,-0.0005345066892914474
48584334117454,0.0001527161948615685,0.0009162971982732415,-0.0017562361899763346
48584334126204,0.0007635809597559273,0.000305432389723137,0.0006872228696011007
48584334138756,-0.00045814859913662076,-0.0009162971982732415,-0.0005345066892914474
48584334151152,-0.0010690133785828948,0.0015271619195118546,-0.0011453714687377214
48584334156100,-0.0010690133785828948,-0.006414080038666725,0.0012980876490473747
48584334163079,-0.0010690133785828948,0.005192350596189499,-0.0011453714687377214
48584334175579,0.0001527161948615685,-0.0009162971982732415,-0.0005345066892914474
48584334183964,0.0007635809597559273,0.000305432389723137,0.0006872228696011007
48584334192610,0.0001527161948615685,-0.003970621153712273,-0.0011453714687377214
48584334205423,-0.0010690133785828948,0.008857538923621178,-0.0017562361899763346
48584334209954,0.0013744457392022014,-0.005192350596189499,0.0012980876490473747
48584334221933,-0.001679878099821508,0.0027488914784044027,0.00007635809743078426
48584334233860,-0.0010690133785828948,0.0009162971982732415,-0.0005345066892914474
48584334238183,0.0007635809597559273,0.000305432389723137,-0.0005345066892914474
48584334246412,0.0001527161948615685,0.0015271619195118546,0.00007635809743078426
48584334258131,-0.0010690133785828948,0.0021380267571657896,0.00007635809743078426
48584334266256,0.0007635809597559273,0.0077121676877141,0.00007635809743078426
48584335142089,-0.0010690133785828948,-0.006337722297757864,-0.0005345066892914474
48584336508443,-0.00045814859913662076,0.008323032408952713,0.00007635809743078426
48584339763443,0.0001527161948615685,0.00038179047987796366,-0.0005345066892914474
48584343003183,-0.002290742937475443,0.00038179047987796366,0.00007635809743078426
48584505053287,0.0007635809597559273,0.0016035200096666813,0.0025198173243552446
48584505103027,0.0032070400193333626,-0.003894262947142124,0.0025198173243552446
48584505116256,0.0001527161948615685,-0.001450803829357028,0.0019089524867013097
48584505133079,0.0013744457392022014,-0.004505127668380737,0.0006872228696011007
48584505147454,0.0007635809597559273,0.004046979360282421,-0.0005345066892914474
48584505157610,-0.00045814859913662076,0.011988221667706966,-0.0011453714687377214
48584505162975,-0.00045814859913662076,0.0009926552884280682,-0.0011453714687377214
48584505170683,0.0019853105768561363,0.007101302966475487,-0.0005345066892914474
48584505184068,0.0007635809597559273,0.0009926552884280682,0.00007635809743078426
48584505197193,0.005039634648710489,-0.002672533504664898,0.004352411720901728
48584505202037,0.0007635809597559273,0.005268708802759647,-0.0017562361899763346
48584505217089,-0.004734201822429895,-0.002061668550595641,-0.0017562361899763346
48584505229589,0.0007635809597559273,0.0016035200096666813,-0.0005345066892914474
48584505238495,0.0019853105768561363,0.00038179047987796366,0.0006872228696011007
48584505243391,-0.002290742937475443,0.0034361144062131643,0.0006872228696011007
48584505259225,0.0019853105768561363,-0.003970621153712273,0.0012980876490473747
48584505269329,-0.003512472379952669,0.0009162971982732415,0.0006872228696011007
48584505285631,0.004428769461810589,-0.0009162971982732415,0.0012980876490473747
48584505294641,0.0001527161948615685,-0.0021380267571657896,0.0019089524867013097
48584505300370,-0.0010690133785828948,0.0021380267571657896,-0.0005345066892914474
48584505314329,0.0007635809597559273,0.000305432389723137,-0.0005345066892914474
48584505327975,0.0001527161948615685,-0.0021380267571657896,0.00007635809743078426
48584505332558,-0.004123337101191282,0.000305432389723137,0.00007635809743078426
48584505341100,0.0025961752980947495,0.0027488914784044027,0.0012980876490473747
48584505353235,0.0038179049734026194,0.0009162971982732415,0.0006872228696011007
48584505364589,-0.002290742937475443,0.003970621153712273,-0.0017562361899763346
48584505377714,0.005650499369949102,0.000305432389723137,-0.0017562361899763346
48584505382818,-0.002290742937475443,-0.0027488914784044027,0.00007635809743078426
48584505396360,-0.00045814859913662076,0.003359756199643016,0.0006872228696011007
48584505409381,0.0038179049734026194,-0.0009162971982732415,-0.0005345066892914474
48584505417975,-0.005955931730568409,-0.0021380267571657896,-0.001221729558892548
48584505426568,0.005039634648710489,0.003359756199643016,0.000610864779446274
48584505436516,-0.0010690133785828948,-0.005192350596189499,-0.000610864779446274
48584505445214,0.0032070400193333626,0.005192350596189499,-0.000610864779446274
48584505453600,0.0019853105768561363,-0.00954476185142994,0.002443459117785096
48584505462506,0.0013744457392022014,0.008781181648373604,0.001221729558892548
48584505474902,-0.004123337101191282,-0.008933897130191326,0.001221729558892548
48584505483912,0.009315688163042068,0.013057234697043896,-0.001221729558892548
48584505492870,-0.009621120058000088,-0.013209951110184193,-0.001221729558892548
48584505501516,0.0062613640911877155,0.01611155830323696,0.000610864779446274
48584505510266,-0.002290742937475443,-0.0193185992538929,0.001221729558892548
48584505530527,0.0025961752980947495,0.020998476073145866,-0.000610864779446274
48584505535162,-0.001679878099821508,-0.017486004158854485,0.002443459117785096
48584505547870,0.005039634648710489,0.015500693581998348,0.001221729558892548
48584505557610,-0.00045814859913662076,-0.008933897130191326,0.0
48584505565995,-0.001679878099821508,0.001450803829357028,0.000610864779446274
48584505574589,0.0062613640911877155,0.002061668550595641,0.000610864779446274
48584505583183,-0.005955931730568409,-0.011377356946468353,0.000610864779446274
48584505592610,0.004428769461810589,0.012446369975805283,0.0
48584505600995,-0.004734201822429895,-0.019929463043808937,0.001221729558892548
48584505624433,0.004428769461810589,0.017333287745714188,0.000610864779446274
48584505632818,-0.007177661173045635,-0.02367101050913334,0.000610864779446274
48584505641881,0.004428769461810589,0.019700389355421066,-0.001221729558892548
48584505650370,-0.005955931730568409,-0.021838415414094925,0.0
48584505659120,0.0019853105768561363,0.0154243353754282,-0.001221729558892548
48584505672089,0.0038179049734026194,-0.016340631991624832,0.0
48584505676829,-0.005345067009329796,0.004428769461810589,-0.000610864779446274
48584505684641,0.004428769461810589,-0.002901607658714056,-0.000610864779446274
48584505694850,-0.006566796451807022,-0.010842849500477314,0.000610864779446274
48584505702506,0.005039634648710489,0.012370011769235134,0.000610864779446274
48584505711256,0.0001527161948615685,-0.018173227086663246,0.000610864779446274
48584505722766,-0.0010690133785828948,0.01847865991294384,0.000610864779446274
48584505734433,0.0032070400193333626,-0.012675444595515728,0.000610864779446274
48584505742662,-0.004199695307761431,0.0038179049734026194,0.000610864779446274
48584505746933,0.0031306820455938578,-0.0010690133785828948,0.000610864779446274
48584505754850,0.0012980876490473747,-0.005345067009329796,-0.000610864779446274
48584505763183,-0.0066431546583771706,0.004428769461810589,0.0
48584505774225,0.004963276442140341,-0.005955931730568409,0.0
48584506372714,-0.0017562361899763346,0.0025961752980947495,-0.001221729558892548
48584507498079,0.0012980876490473747,-0.002901607658714056,0.0
48584510698183,-0.0035888305865228176,-0.004123337101191282,-0.001221729558892548
48584512985631,0.0012980876490473747,0.007483093533664942,-0.000610864779446274
48584670835995,0.0006872228696011007,-0.007177661173045635,0.0
48584670893912,-0.0035888305865228176,0.0032070400193333626,-0.001221729558892548
48584670900006,0.003741546766832471,-0.001679878099821508,0.0
48584670918808,-0.005421424750238657,-0.00045814859913662076,-0.000610864779446274
48584670938652,0.0025198173243552446,0.0025961752980947495,-0.000610864779446274
48584670943912,-0.0011453714687377214,-0.007788525894284248,0.0
48584670955162,-0.0023671009112149477,0.008704823441803455,0.0
48584670972558,0.003741546766832471,-0.005955931730568409,0.0
48584670988079,-0.004810560029000044,-0.00045814859913662076,0.0
48584670999693,0.00007635809743078426,0.0007635809597559273,0.0
48584671011672,0.0025198173243552446,0.000839939049910754,0.0
48584671016308,-0.007254019379615784,-0.0022143847309052944,0.0
48584671036829,0.003741546766832471,0.002672533504664898,0.0
48584671041985,0.0019089524867013097,-0.002825249684974551,0.001832594396546483
48584671057558,-0.00603228947147727,0.000839939049910754,-0.000610864779446274
48584671063183,0.007406735327094793,0.00022907429956831038,0.000610864779446274
48584671089068,-0.0023671009112149477,0.000839939049910754,-0.001832594396546483
48584671100995,-0.0035888305865228176,0.000839939049910754,0.0
48584671107037,0.006185005884617567,-0.00038179047987796366,-0.001221729558892548
48584671117922,-0.005421424750238657,0.001450803829357028,-0.001221729558892548
48584671133235,-0.0017562361899763346,0.002061668550595641,-0.001221729558892548
48584671148704,0.006185005884617567,-0.00038179047987796366,0.001221729558892548
48584671155475,-0.005421424750238657,-0.002825249684974551,0.000610864779446274
48584671174172,-0.0005345066892914474,0.00022907429956831038,0.0
48584671188600,0.004352411720901728,-0.00038179047987796366,0.001221729558892548
48584671194537,-0.0029779658652842045,-0.00038179047987796366,0.0
48584671208391,0.0019089524867013097,0.001450803829357028,0.001832594396546483
48584671219329,0.007406735327094793,0.001450803829357028,0.001221729558892548
48584671232350,-0.004810560029000044,-0.0015271619195118546,-0.000610864779446274
48584671237141,-0.0011453714687377214,-0.003359756199643016,-0.001221729558892548
48584671245891,0.0025198173243552446,-0.003970621153712273,0.0
48584671259433,-0.0023671009112149477,0.003359756199643016,0.000610864779446274
48584671268547,0.00007635809743078426,-0.0027488914784044027,0.0
48584671282245,0.0019089524867013097,0.0021380267571657896,0.0
48584671290995,-0.0011453714687377214,-0.0015271619195118546,0.001221729558892548
48584671295787,-0.0017562361899763346,0.0015271619195118546,-0.001221729558892548
48584671307297,0.0006872228696011007,-0.0009162971982732415,0.000610864779446274
48584671327610,-0.0005345066892914474,-0.0015271619195118546,-0.002443459117785096
48584671336881,0.00007635809743078426,0.0027488914784044027,-0.001221729558892548
48584671347558,0.00007635809743078426,-0.005803215317428112,0.001221729558892548
48584671358339,-0.0017562361899763346,0.004581485874950886,-0.000610864779446274
48584671372245,-0.0011453714687377214,-0.004581485874950886,-0.001221729558892548
48584671376725,0.0006872228696011007,0.005803215317428112,0.001221729558892548
48584671392454,0.0006872228696011007,-0.000305432389723137,0.002443459117785096
48584671397870,0.0012980876490473747,0.0015271619195118546,0.000610864779446274
48584671412818,0.00007635809743078426,0.003359756199643016,0.001221729558892548
48584671427662,0.0006872228696011007,0.000305432389723137,0.000610864779446274
48584671432818,0.0006872228696011007,0.0027488914784044027,0.000610864779446274
48584671442922,0.00007635809743078426,-0.0015271619195118546,0.001832594396546483
48584671457714,0.0006872228696011007,0.0021380267571657896,-0.001221729558892548
48584671474172,0.0006872228696011007,-0.003359756199643016,0.0
48584671487975,-0.0011453714687377214,0.0034361144062131643,-0.0012980876490473747
48584671497245,0.0019089524867013097,-0.002672533504664898,0.0023671009112149477
48584671502766,-0.0005345066892914474,0.0034361144062131643,0.0017562361899763346
48584671516777,-0.0011453714687377214,-0.00022907429956831038,-0.00007635809743078426
48584671527922,0.0006872228696011007,0.002825249684974551,-0.0012980876490473747
48584671532506,0.0006872228696011007,0.00038179047987796366,-0.0006872228696011007
48584671541516,0.00007635809743078426,0.0009926552884280682,-0.0019089524867013097
48584671556829,-0.0029779658652842045,-0.000839939049910754,0.0005345066892914474
48584671562297,0.0019089524867013097,0.0009926552884280682,-0.00007635809743078426
48584671571047,-0.004199695307761431,-0.00022907429956831038,-0.0019089524867013097
48584671583704,0.00007635809743078426,0.0009926552884280682,-0.0006872228696011007
48584671596152,-0.0011453714687377214,0.00038179047987796366,-0.0012980876490473747
48584671603495,-0.0005345066892914474,-0.00022907429956831038,-0.0006872228696011007
48584671608235,0.0012980876490473747,0.00038179047987796366,0.0005345066892914474
48584671615318,0.00007635809743078426,-0.00022907429956831038,-0.0006872228696011007
48584672769745,-0.0011453714687377214,0.0016035200096666813,-0.00007635809743078426
48584674087402,-0.0011453714687377214,-0.00022907429956831038,-0.0006872228696011007
48584676824693,0.0006872228696011007,-0.00022907429956831038,-0.00007635809743078426
48584679412297,-0.0011453714687377214,0.00038179047987796366,-0.00007635809743078426
