29649791637125,0.07896314561367035,0.29790642857551575,9.789037704467773
29649791657021,0.07896314561367035,0.3026920557022095,9.772287368774414
29649791675510,0.07417750358581543,0.2715853750705719,9.781859397888184
29649791685146,0.07178468257188797,0.2763710021972656,9.784252166748047
29649791695771,0.06939185410737991,0.2787638306617737,9.765109062194824
29649791705614,0.09092725813388824,0.2835494875907898,9.7938232421875
29649791714885,0.06939185410737991,0.26919254660606384,9.812965393066406
29649791724416,0.07178468257188797,0.28594231605529785,9.774680137634277
29649791735458,0.09810572862625122,0.2883351147174835,9.789037704467773
29649791746187,0.05503492057323456,0.3122633695602417,9.767501831054688
29649791752385,0.062213387340307236,0.259621262550354,9.803394317626953
29649791771864,0.07657032459974289,0.28594231605529785,9.765109062194824
29649791776916,0.04785645380616188,0.28115665912628174,9.781859397888184
29649791798427,0.07417750358581543,0.2955136001110077,9.781859397888184
29649791803271,0.08853443711996078,0.28594231605529785,9.80817985534668
29649791821187,0.07657032459974289,0.3002992272377014,9.781859397888184
29649791831656,0.06699903309345245,0.26440688967704773,9.774680137634277
29649791836500,0.062213387340307236,0.2883351147174835,9.772287368774414
29649791855354,0.062213387340307236,0.27397820353507996,9.755537986755371
29649791866500,0.06699903309345245,0.2835494875907898,9.781859397888184
29649791876448,0.07178468257188797,0.28115665912628174,9.784252166748047
29649791885250,0.07417750358581543,0.2787638306617737,9.781859397888184
29649791894312,0.08614161610603333,0.2907279431819916,9.774680137634277
29649791906708,0.064606212079525,0.28115665912628174,9.798608779907227
29649791911187,0.07178468257188797,0.30987054109573364,9.80100154876709
29649791925093,0.062213387340307236,0.2835494875907898,9.781859397888184
29649791929781,0.064606212079525,0.2883351147174835,9.791430473327637
29649791947177,0.04785645380616188,0.29790642857551575,9.774680137634277
29649791956968,0.059820566326379776,0.2835494875907898,9.7938232421875
29649791968062,0.07417750358581543,0.2835494875907898,9.781859397888184
29649791976239,0.06939185410737991,0.3002992272377014,9.789037704467773
29649791981708,0.062213387340307236,0.2907279431819916,9.796216011047363
29649792028375,0.0933200865983963,0.2715853750705719,9.803394317626953
29649792042593,0.06699903309345245,0.29312077164649963,9.76989459991455
29649792048687,0.06699903309345245,0.28594231605529785,9.774680137634277
29649792060354,0.07657032459974289,0.25722843408584595,9.76989459991455
29649792076083,0.06939185410737991,0.2907279431819916,9.7938232421875
29649792089521,0.062213387340307236,0.2715853750705719,9.7938232421875
29649792098375,0.07657032459974289,0.2715853750705719,9.77707290649414
29649792104833,0.0933200865983963,0.2787638306617737,9.789037704467773
29649792114312,0.10049854964017868,0.2835494875907898,9.753145217895508
29649792127698,0.07657032459974289,0.2883351147174835,9.78664493560791
29649792136291,0.07896314561367035,0.30508488416671753,9.798608779907227
29649792145041,0.07896314561367035,0.26201409101486206,9.80100154876709
29649792153375,0.09810572862625122,0.28115665912628174,9.781859397888184
29649792166812,0.07896314561367035,0.2955136001110077,9.798608779907227
29649792175614,0.05742774158716202,0.26919254660606384,9.791430473327637
29649792184521,0.06939185410737991,0.2883351147174835,9.779465675354004
29649792188843,0.06939185410737991,0.2763710021972656,9.784252166748047
29649792206864,0.06939185410737991,0.29790642857551575,9.765109062194824
29649792216396,0.05742774158716202,0.26919254660606384,9.76989459991455
29649792223843,0.06699903309345245,0.2883351147174835,9.7938232421875
29649792232854,0.10289137065410614,0.2907279431819916,9.77707290649414
29649792249573,0.08135596662759781,0.2955136001110077,9.817750930786133
29649792253843,0.06699903309345245,0.2763710021972656,9.791430473327637
29649792267177,0.062213387340307236,0.2715853750705719,9.798608779907227
29649792274781,0.04307080805301666,0.28115665912628174,9.781859397888184
29649792288843,0.05742774158716202,0.2907279431819916,9.772287368774414
29649792298010,0.07896314561367035,0.2835494875907898,9.779465675354004
29649792305458,0.08614161610603333,0.27397820353507996,9.7938232421875
29649792314468,0.062213387340307236,0.2787638306617737,9.762716293334961
29649792326343,0.0526420995593071,0.25004997849464417,9.791430473327637
29649792333479,0.05024927482008934,0.2787638306617737,9.774680137634277
29649792341812,0.05503492057323456,0.29312077164649963,9.789037704467773
29649792346135,0.08614161610603333,0.2667997181415558,9.78664493560791
29649792357593,0.064606212079525,0.25722843408584595,9.78664493560791
29649792367541,0.05503492057323456,0.30508488416671753,9.779465675354004
29649794599781,0.07896314561367035,0.2955136001110077,9.78664493560791
29649797188948,0.07178468257188797,0.28594231605529785,9.772287368774414
29649799190041,0.08853443711996078,0.27397820353507996,9.774680137634277
29649954967489,0.05024927482008934,0.2907279431819916,9.77707290649414
29649955015510,0.062213387340307236,0.2763710021972656,9.774680137634277
29649955030510,0.07178468257188797,0.2763710021972656,9.779465675354004
29649955040927,0.064606212079525,0.2787638306617737,9.772287368774414
29649955069625,0.040677983313798904,0.28594231605529785,9.753145217895508
29649955074781,0.059820566326379776,0.3002992272377014,9.774680137634277
29649955085041,0.04307080805301666,0.29790642857551575,9.789037704467773
29649955103062,0.06699903309345245,0.2835494875907898,9.820143699645996
29649955112229,0.064606212079525,0.26919254660606384,9.784252166748047
29649955121708,0.062213387340307236,0.2667997181415558,9.76989459991455
29649955131187,0.07657032459974289,0.2667997181415558,9.767501831054688
29649955140927,0.0933200865983963,0.26919254660606384,9.784252166748047
29649955154260,0.07657032459974289,0.2763710021972656,9.762716293334961
29649955163791,0.062213387340307236,0.26919254660606384,9.796216011047363
29649955173427,0.06939185410737991,0.2835494875907898,9.791430473327637
29649955182489,0.07896314561367035,0.28115665912628174,9.779465675354004
29649955195458,0.07178468257188797,0.2715853750705719,9.789037704467773
29649955204000,0.062213387340307236,0.2835494875907898,9.779465675354004
29649955213270,0.08135596662759781,0.2667997181415558,9.784252166748047
29649955218270,0.07896314561367035,0.2907279431819916,9.774680137634277
29649955227541,0.040677983313798904,0.2715853750705719,9.760323524475098
29649955245302,0.04546362906694412,0.26919254660606384,9.796216011047363
29649955256031,0.06699903309345245,0.2883351147174835,9.779465675354004
29649955265145,0.08374879509210587,0.2835494875907898,9.78664493560791
29649955269677,0.06939185410737991,0.29312077164649963,9.791430473327637
29649955287489,0.09571290761232376,0.259621262550354,9.798608779907227
29649955295718,0.0526420995593071,0.27397820353507996,9.7938232421875
29649955304104,0.07657032459974289,0.2955136001110077,9.781859397888184
29649955308843,0.07657032459974289,0.2667997181415558,9.803394317626953
29649955326083,0.06939185410737991,0.29790642857551575,9.81535816192627
29649955336448,0.07417750358581543,0.2955136001110077,9.80817985534668
29649955344677,0.062213387340307236,0.28115665912628174,9.803394317626953
29649955353843,0.05742774158716202,0.2883351147174835,9.78664493560791
29649955365666,0.07417750358581543,0.27397820353507996,9.81535816192627
29649955375302,0.07178468257188797,0.28594231605529785,9.820143699645996
29649955383323,0.07178468257188797,0.2667997181415558,9.781859397888184
29649955391864,0.05742774158716202,0.26919254660606384,9.78664493560791
29649955396031,0.06939185410737991,0.26440688967704773,9.80817985534668
29649955413375,0.07896314561367035,0.26201409101486206,9.791430473327637
29649955417593,0.06699903309345245,0.2763710021972656,9.781859397888184
29649955433687,0.06939185410737991,0.2955136001110077,9.791430473327637
29649955437645,0.06699903309345245,0.30508488416671753,9.796216011047363
29649955454208,0.064606212079525,0.26440688967704773,9.81535816192627
29649955458687,0.08135596662759781,0.3002992272377014,9.789037704467773
29649955470093,0.07417750358581543,0.26919254660606384,9.798608779907227
29649955474208,0.05503492057323456,0.28594231605529785,9.781859397888184
29649955484989,0.07657032459974289,0.259621262550354,9.745966911315918
29649955493166,0.064606212079525,0.2763710021972656,9.779465675354004
29649955505354,0.059820566326379776,0.26440688967704773,9.78664493560791
29649955509468,0.062213387340307236,0.2763710021972656,9.76989459991455
29649955525198,0.07417750358581543,0.2787638306617737,9.779465675354004
29649955529937,0.064606212079525,0.2883351147174835,9.78664493560791
29649955542489,0.06939185410737991,0.2883351147174835,9.781859397888184
29649955550979,0.06939185410737991,0.28115665912628174,9.789037704467773
29649955561968,0.07896314561367035,0.2787638306617737,9.796216011047363
29649955569937,0.05503492057323456,0.2715853750705719,9.80100154876709
29649955578062,0.1052841991186142,0.2548356056213379,9.765109062194824
29649955586812,0.06699903309345245,0.26201409101486206,9.767501831054688
29649955590979,0.08135596662759781,0.2955136001110077,9.791430473327637
29649955602177,0.07178468257188797,0.32662028074264526,9.798608779907227
29649955613479,0.05024927482008934,0.26919254660606384,9.789037704467773
29649955622229,0.08374879509210587,0.2763710021972656,9.772287368774414
29649955629364,0.07657032459974289,0.2667997181415558,9.779465675354004
29649955639260,0.07896314561367035,0.2835494875907898,9.798608779907227
29649955647281,0.06699903309345245,0.2715853750705719,9.7938232421875
29649956435093,0.08853443711996078,0.2715853750705719,9.772287368774414
29649959629520,0.06939185410737991,0.2715853750705719,9.796216011047363
29649960681083,0.05503492057323456,0.2787638306617737,9.76989459991455
29649963213270,0.05742774158716202,0.2883351147174835,9.796216011047363
29650124280875,0.062213387340307236,0.2955136001110077,9.796216011047363
29650124295250,0.0526420995593071,0.28115665912628174,9.765109062194824
29650124314468,0.06939185410737991,0.29312077164649963,9.774680137634277
29650124323531,0.08374879509210587,0.29312077164649963,9.772287368774414
29650124331448,0.04307080805301666,0.26919254660606384,9.772287368774414
29650124341083,0.08135596662759781,0.2763710021972656,9.791430473327637
29650124356604,0.07178468257188797,0.29312077164649963,9.750752449035645
29650124366812,0.06939185410737991,0.25004997849464417,9.767501831054688
29650124375614,0.08374879509210587,0.26919254660606384,9.789037704467773
29650124386135,0.08614161610603333,0.28594231605529785,9.774680137634277
29650124392437,0.07417750358581543,0.3002992272377014,9.76989459991455
29650124408791,0.07657032459974289,0.3026920557022095,9.798608779907227
29650124419520,0.07178468257188797,0.259621262550354,9.774680137634277
29650124429468,0.08135596662759781,0.25722843408584595,9.77707290649414
29650124435354,0.08135596662759781,0.2715853750705719,9.817750930786133
29650124453791,0.06699903309345245,0.28594231605529785,9.772287368774414
29650124459364,0.07178468257188797,0.2763710021972656,9.77707290649414
29650124469260,0.064606212079525,0.30508488416671753,9.78664493560791
29650124482177,0.07657032459974289,0.2787638306617737,9.796216011047363
29650124495250,0.08135596662759781,0.3194418251514435,9.80100154876709
29650124499468,0.07417750358581543,0.29790642857551575,9.789037704467773
29650124513895,0.07178468257188797,0.2883351147174835,9.789037704467773
29650124523739,0.04785645380616188,0.28115665912628174,9.779465675354004
29650124535770,0.08135596662759781,0.2835494875907898,9.760323524475098
29650124544520,0.07178468257188797,0.2763710021972656,9.78664493560791
29650124553531,0.08374879509210587,0.28115665912628174,9.7938232421875
29650124560875,0.0933200865983963,0.2787638306617737,9.803394317626953
29650124573583,0.0933200865983963,0.2907279431819916,9.832108497619629
29650124578114,0.07178468257188797,0.2667997181415558,9.765109062194824
29650124592593,0.07417750358581543,0.2763710021972656,9.77707290649414
29650124597125,0.06699903309345245,0.26919254660606384,9.789037704467773
29650124606656,0.035892341285943985,0.25244277715682983,9.7938232421875
29650124631604,0.06939185410737991,0.2548356056213379,9.789037704467773
29650124641968,0.059820566326379776,0.26919254660606384,9.779465675354004
29650124653062,0.06699903309345245,0.2715853750705719,9.781859397888184
29650124657385,0.08374879509210587,0.26919254660606384,9.7938232421875
29650124675927,0.064606212079525,0.2883351147174835,9.80817985534668
29650124680927,0.09571290761232376,0.2787638306617737,9.784252166748047
29650124696343,0.07178468257188797,0.2907279431819916,9.796216011047363
29650124705250,0.06699903309345245,0.3002992272377014,9.810572624206543
29650124719989,0.064606212079525,0.2787638306617737,9.78664493560791
29650124725510,0.07896314561367035,0.29790642857551575,9.796216011047363
29650124734989,0.03349951654672623,0.2548356056213379,9.784252166748047
29650124749364,0.05742774158716202,0.28115665912628174,9.789037704467773
29650124763062,0.062213387340307236,0.28594231605529785,9.80817985534668
29650124773583,0.064606212079525,0.26919254660606384,9.767501831054688
29650124784573,0.05503492057323456,0.2835494875907898,9.781859397888184
29650124789208,0.06699903309345245,0.2907279431819916,9.789037704467773
29650124803114,0.07178468257188797,0.2955136001110077,9.77707290649414
29650124815250,0.0933200865983963,0.2955136001110077,9.77707290649414
29650124825823,0.07178468257188797,0.2835494875907898,9.784252166748047
29650124835302,0.0526420995593071,0.2835494875907898,9.781859397888184
29650124839677,0.07178468257188797,0.25244277715682983,9.803394317626953
29650124859052,0.08853443711996078,0.30508488416671753,9.781859397888184
29650124868218,0.08374879509210587,0.29790642857551575,9.803394317626953
29650124872958,0.08614161610603333,0.3026920557022095,9.7938232421875
29650124881760,0.06939185410737991,0.28115665912628174,9.781859397888184
29650124901343,0.064606212079525,0.3002992272377014,9.77707290649414
29650124910406,0.07178468257188797,0.2835494875907898,9.76989459991455
29650124919677,0.08614161610603333,0.26201409101486206,9.78664493560791
29650124923843,0.04785645380616188,0.2787638306617737,9.789037704467773
29650124938948,0.06699903309345245,0.2763710021972656,9.755537986755371
29650124947541,0.07178468257188797,0.28115665912628174,9.789037704467773
29650124955770,0.06699903309345245,0.3026920557022095,9.80100154876709
29650124964052,0.062213387340307236,0.2955136001110077,9.767501831054688
29650124975614,0.07896314561367035,0.28115665912628174,9.7938232421875
29650124982750,0.07417750358581543,0.27397820353507996,9.781859397888184
29650124994416,0.0526420995593071,0.2907279431819916,9.7938232421875
29650127990562,0.05024927482008934,0.2907279431819916,9.7938232421875
29650128968479,0.062213387340307236,0.2763710021972656,9.810572624206543
29650131739416,0.064606212079525,0.2787638306617737,9.762716293334961
29650285969572,0.11246266216039658,0.3002992272377014,9.77707290649414
29650285985666,0.06699903309345245,0.2907279431819916,9.78664493560791
29650285991239,0.05503492057323456,0.2548356056213379,9.755537986755371
29650286013218,0.07896314561367035,0.27397820353507996,9.7938232421875
29650286018895,0.07657032459974289,0.27397820353507996,9.767501831054688
29650286029781,0.05742774158716202,0.2907279431819916,9.791430473327637
29650286049000,0.07657032459974289,0.2763710021972656,9.781859397888184
29650286054364,0.07417750358581543,0.3002992272377014,9.78664493560791
29650286092958,0.07178468257188797,0.29790642857551575,9.772287368774414
29650286098583,0.06699903309345245,0.3002992272377014,9.789037704467773
29650286108531,0.06939185410737991,0.2715853750705719,9.80100154876709
29650286124989,0.07896314561367035,0.25244277715682983,9.784252166748047
29650286134572,0.07417750358581543,0.2835494875907898,9.80817985534668
29650286142385,0.08374879509210587,0.2883351147174835,9.789037704467773
29650286152020,0.08374879509210587,0.28115665912628174,9.76989459991455
29650286165875,0.040677983313798904,0.28594231605529785,9.784252166748047
29650286176291,0.062213387340307236,0.3026920557022095,9.791430473327637
29650286181604,0.06699903309345245,0.2763710021972656,9.774680137634277
29650286194729,0.05024927482008934,0.2883351147174835,9.789037704467773
29650286200250,0.05742774158716202,0.28115665912628174,9.798608779907227
29650286220145,0.07178468257188797,0.2883351147174835,9.7938232421875
29650286230718,0.038285162299871445,0.26440688967704773,9.798608779907227
29650286243010,0.08135596662759781,0.2787638306617737,9.803394317626953
29650286249052,0.05024927482008934,0.2763710021972656,9.757930755615234
29650286268322,0.09810572862625122,0.3074777126312256,9.80100154876709
29650286278635,0.08853443711996078,0.3002992272377014,9.781859397888184
29650286284104,0.05742774158716202,0.28115665912628174,9.796216011047363
29650286303427,0.06699903309345245,0.27397820353507996,9.796216011047363
29650286312750,0.09092725813388824,0.2763710021972656,9.78664493560791
29650286322072,0.07417750358581543,0.26201409101486206,9.796216011047363
29650286331604,0.07178468257188797,0.27397820353507996,9.796216011047363
29650286340250,0.07657032459974289,0.2715853750705719,9.781859397888184
29650286351656,0.06699903309345245,0.24047867953777313,9.765109062194824
29650286360979,0.08374879509210587,0.28115665912628174,9.781859397888184
29650286370614,0.07657032459974289,0.2787638306617737,9.7938232421875
29650286380302,0.07417750358581543,0.2835494875907898,9.772287368774414
29650286392645,0.07417750358581543,0.2835494875907898,9.765109062194824
29650286404885,0.0933200865983963,0.2763710021972656,9.779465675354004
29650286415458,0.07178468257188797,0.3122633695602417,9.78664493560791
29650286420250,0.059820566326379776,0.2763710021972656,9.7938232421875
29650286430250,0.0933200865983963,0.2763710021972656,9.81535816192627
29650286444156,0.07178468257188797,0.2787638306617737,9.765109062194824
29650286457385,0.07178468257188797,0.29790642857551575,9.753145217895508
29650286467854,0.05742774158716202,0.26440688967704773,9.767501831054688
29650286476447,0.05503492057323456,0.29312077164649963,9.798608779907227
29650286494781,0.05742774158716202,0.30508488416671753,9.77707290649414
29650286504937,0.08374879509210587,0.2763710021972656,9.798608779907227
29650286514000,0.062213387340307236,0.26919254660606384,9.80100154876709
29650286526552,0.07896314561367035,0.28594231605529785,9.7938232421875
29650286535562,0.062213387340307236,0.28115665912628174,9.791430473327637
29650286545562,0.059820566326379776,0.2955136001110077,9.798608779907227
29650286555718,0.06699903309345245,0.2715853750705719,9.796216011047363
29650286560354,0.08853443711996078,0.29312077164649963,9.779465675354004
29650286577385,0.08374879509210587,0.2835494875907898,9.798608779907227
29650286585875,0.04785645380616188,0.2787638306617737,9.779465675354004
29650286590979,0.07417750358581543,0.27397820353507996,9.774680137634277
29650286603427,0.064606212079525,0.2715853750705719,9.77707290649414
29650286607750,0.059820566326379776,0.26440688967704773,9.7938232421875
29650286622645,0.0526420995593071,0.2763710021972656,9.784252166748047
29650286631031,0.07417750358581543,0.2787638306617737,9.779465675354004
29650286639572,0.07178468257188797,0.29312077164649963,9.779465675354004
29650286644625,0.08374879509210587,0.2907279431819916,9.798608779907227
29650286657645,0.08374879509210587,0.30508488416671753,9.78664493560791
29650286661760,0.0526420995593071,0.3002992272377014,9.789037704467773
29650286672802,0.05024927482008934,0.2667997181415558,9.789037704467773
29650289491916,0.07178468257188797,0.27397820353507996,9.774680137634277
29650291714572,0.05742774158716202,0.2787638306617737,9.80817985534668
29650293330406,0.07657032459974289,0.29312077164649963,9.78664493560791
29650441555979,0.08374879509210587,0.29790642857551575,9.81535816192627
29650441574052,0.07178468257188797,0.2883351147174835,9.789037704467773
29650441590979,0.064606212079525,0.28594231605529785,9.824930191040039
29650441602020,0.09092725813388824,0.2955136001110077,9.80100154876709
29650441612020,0.062213387340307236,0.27397820353507996,9.80100154876709
29650441621968,0.08374879509210587,0.2955136001110077,9.781859397888184
29650441638739,0.07417750358581543,0.2715853750705719,9.7938232421875
29650441643322,0.09092725813388824,0.2667997181415558,9.77707290649414
29650441657281,0.09571290761232376,0.27397820353507996,9.791430473327637
29650441667072,0.08374879509210587,0.2715853750705719,9.796216011047363
29650441671812,0.05503492057323456,0.2763710021972656,9.791430473327637
29650441689468,0.062213387340307236,0.27397820353507996,9.779465675354004
29650441698635,0.05024927482008934,0.2763710021972656,9.779465675354004
29650441708427,0.05503492057323456,0.28594231605529785,9.77707290649414
29650441713218,0.07178468257188797,0.2835494875907898,9.7938232421875
29650441731760,0.05742774158716202,0.3170489966869354,9.774680137634277
29650441741604,0.07417750358581543,0.28594231605529785,9.774680137634277
29650441751760,0.08135596662759781,0.2787638306617737,9.789037704467773
29650441764989,0.04785645380616188,0.3002992272377014,9.774680137634277
29650441770093,0.059820566326379776,0.31465616822242737,9.78664493560791
29650441800249,0.07417750358581543,0.29312077164649963,9.774680137634277
29650441809781,0.062213387340307236,0.28115665912628174,9.774680137634277
29650441818947,0.07417750358581543,0.30987054109573364,9.789037704467773
29650441832072,0.07178468257188797,0.26201409101486206,9.798608779907227
29650441837333,0.064606212079525,0.2955136001110077,9.784252166748047
29650441850145,0.05742774158716202,0.2883351147174835,9.803394317626953
29650441855145,0.08374879509210587,0.2907279431819916,9.76989459991455
29650441868895,0.07657032459974289,0.29312077164649963,9.798608779907227
29650441882645,0.05024927482008934,0.28594231605529785,9.796216011047363
29650441890354,0.04785645380616188,0.26201409101486206,9.827322959899902
29650441900145,0.07657032459974289,0.29312077164649963,9.78664493560791
29650441905093,0.040677983313798904,0.25244277715682983,9.863214492797852
29650441922177,0.04785645380616188,0.28115665912628174,9.772287368774414
29650441937281,0.05024927482008934,0.259621262550354,9.863214492797852
29650441946760,0.07896314561367035,0.27397820353507996,9.829715728759766
29650441953010,0.08135596662759781,0.30508488416671753,9.638289451599121
29650441969572,0.064606212079525,0.2835494875907898,9.707681655883789
29650441978895,0.07896314561367035,0.2955136001110077,9.650253295898438
29650441988531,0.09810572862625122,0.26201409101486206,9.68375301361084
29650442000927,0.04785645380616188,0.2883351147174835,9.78664493560791
29650442009572,0.04785645380616188,0.2309073805809021,9.791430473327637
29650442014156,0.09810572862625122,0.22612173855304718,9.738788604736328
29650442028427,0.02632104977965355,0.22372891008853912,9.68375301361084
29650442036083,0.031106693670153618,0.2763710021972656,9.719645500183105
29650442049468,0.03349951654672623,0.2763710021972656,9.844072341918945
29650442054156,0.07417750358581543,0.34576287865638733,9.7938232421875
29650442063427,0.06699903309345245,0.3433700501918793,9.760323524475098
29650442076604,0.09810572862625122,0.25722843408584595,9.944570541381836
29650442088791,0.14835500717163086,0.29790642857551575,9.621540069580078
29650442097697,0.06699903309345245,0.3074777126312256,9.66939640045166
29650442106083,0.0526420995593071,0.28594231605529785,9.762716293334961
29650442114677,0.10767702013254166,0.3577269911766052,9.879964828491211
29650442118739,0.02153540402650833,0.2715853750705719,9.860821723937988
29650442134572,0.038285162299871445,0.27397820353507996,9.975677490234375
29650442138739,0.02632104977965355,0.27397820353507996,9.848857879638672
29650442152072,-0.007178467698395252,0.26919254660606384,9.647860527038574
29650442156135,0.007178467698395252,0.29312077164649963,9.607182502746582
29650442171916,0.007178467698395252,0.3529413342475891,9.446864128112793
29650442180354,0.02871387079358101,0.29312077164649963,9.781859397888184
29650442187802,0.02632104977965355,0.29312077164649963,9.834501266479492
29650442195510,-0.009571290574967861,0.28115665912628174,9.762716293334961
29650442207958,-0.035892341285943985,0.26440688967704773,9.710074424743652
29650442685354,0.1339980661869049,0.3026920557022095,9.717252731323242
29650445664156,0.14835500717163086,0.35054850578308105,9.67657470703125
29650446836968,0.040677983313798904,0.2835494875907898,9.77707290649414
29650449223374,-0.004785645287483931,0.25244277715682983,9.975677490234375
29650594946812,0.08135596662759781,0.2955136001110077,9.69093132019043
29650594956604,0.12681959569454193,0.2069791555404663,9.992427825927734
29650594981187,-0.004785645287483931,0.24526432156562805,9.604789733886719
29650594987593,0.019142581149935722,0.29312077164649963,9.602396965026855
29650595010093,0.0526420995593071,0.3361915946006775,9.67657470703125
29650595014781,0.07896314561367035,0.3529413342475891,9.743574142456055
29650595030302,0.08853443711996078,0.29312077164649963,9.7938232421875
29650595034624,0.059820566326379776,0.2476571500301361,9.710074424743652
29650595051552,0.038285162299871445,0.28594231605529785,9.645467758178711
29650595060510,0.064606212079525,0.2883351147174835,9.863214492797852
29650595065302,0.040677983313798904,0.23808585107326508,9.9469633102417
29650595078635,0.10049854964017868,0.27397820353507996,9.755537986755371
29650595087593,0.11006984114646912,0.28115665912628174,9.712467193603516
29650595097385,0.09810572862625122,0.29790642857551575,9.710074424743652
29650595112437,0.04546362906694412,0.3002992272377014,9.757930755615234
29650595121395,0.038285162299871445,0.259621262550354,9.767501831054688
29650595134520,0.06939185410737991,0.22612173855304718,9.738788604736328
29650595143531,0.07178468257188797,0.2907279431819916,9.77707290649414
29650595152906,0.09092725813388824,0.28594231605529785,9.76989459991455
29650595162072,0.062213387340307236,0.259621262550354,9.767501831054688
29650595175197,0.07657032459974289,0.27397820353507996,9.774680137634277
29650595190979,0.05742774158716202,0.2907279431819916,9.7938232421875
29650595200562,0.040677983313798904,0.3026920557022095,9.824930191040039
29650595205093,0.10289137065410614,0.3026920557022095,9.824930191040039
29650595213791,0.064606212079525,0.24047867953777313,9.710074424743652
29650595231083,0.09571290761232376,0.2883351147174835,9.839286804199219
29650595238947,0.05742774158716202,0.28115665912628174,9.559326171875
29650595243843,0.08135596662759781,0.2667997181415558,9.915857315063477
29650595251239,0.064606212079525,0.3074777126312256,9.810572624206543
29650595267072,0.12921242415905,0.3026920557022095,9.76989459991455
29650595277802,0.04785645380616188,0.28594231605529785,9.853643417358398
29650595287072,0.10289137065410614,0.2955136001110077,9.827322959899902
29650595299208,0.05742774158716202,0.2715853750705719,9.518648147583008
29650595307854,0.1052841991186142,0.26201409101486206,10.104889869689941
29650595316708,0.02632104977965355,0.3002992272377014,9.863214492797852
29650595320874,0.09092725813388824,0.26919254660606384,9.657432556152344
29650595333895,0.014356935396790504,0.25244277715682983,9.66939640045166
29650595345979,0.12442677468061447,0.29790642857551575,9.77707290649414
29650595356447,0.08614161610603333,0.3242274820804596,9.829715728759766
29650595366499,0.019142581149935722,0.27397820353507996,9.767501831054688
29650595376708,0.11006984114646912,0.2715853750705719,9.853643417358398
29650595389104,0.02392822690308094,0.3170489966869354,9.628718376159668
29650595397645,0.040677983313798904,0.3074777126312256,9.827322959899902
29650595402385,0.14835500717163086,0.2548356056213379,10.028319358825684
29650595412020,-0.02871387079358101,0.24526432156562805,9.547362327575684
29650595422281,0.062213387340307236,0.2955136001110077,9.67657470703125
29650595438791,0.15314064919948578,0.2763710021972656,10.068997383117676
29650595443739,0.004785645287483931,0.2955136001110077,9.750752449035645
29650595455041,0.11006984114646912,0.259621262550354,9.66939640045166
29650595468218,0.06699903309345245,0.25244277715682983,9.841679573059082
29650595472437,0.07178468257188797,0.29312077164649963,9.729216575622559
29650595487072,0.08614161610603333,0.32183465361595154,9.729216575622559
29650595496916,0.007178467698395252,0.2763710021972656,9.824930191040039
29650595508322,0.12203395366668701,0.28115665912628174,9.90149974822998
29650595515458,0.009571290574967861,0.28115665912628174,9.633503913879395
29650595522593,0.040677983313798904,0.2883351147174835,9.738788604736328
29650595534052,0.1339980661869049,0.30508488416671753,10.021141052246094
29650595538322,0.007178467698395252,0.27397820353507996,9.66221809387207
29650595552749,0.10289137065410614,0.2787638306617737,9.760323524475098
29650595560979,0.07178468257188797,0.26919254660606384,9.872786521911621
29650595565249,0.07178468257188797,0.2907279431819916,9.722038269042969
29650597168479,0.06699903309345245,0.2763710021972656,9.7005033493042
29650599326916,0.06939185410737991,0.30987054109573364,9.853643417358398
29650601968270,0.11485548317432404,0.29790642857551575,9.870393753051758
29650744098218,0.040677983313798904,0.29790642857551575,9.640682220458984
29650744115979,0.09810572862625122,0.28594231605529785,9.820143699645996
29650744121812,0.04546362906694412,0.25722843408584595,9.834501266479492
29650744138218,0.08374879509210587,0.25722843408584595,9.767501831054688
29650744152645,0.06699903309345245,0.2955136001110077,9.7005033493042
29650744162645,0.0933200865983963,0.28115665912628174,9.851250648498535
29650744167593,0.064606212079525,0.26440688967704773,9.781859397888184
29650744187645,0.062213387340307236,0.2883351147174835,9.693324089050293
29650744198426,0.08135596662759781,0.2883351147174835,9.812965393066406
29650744202801,0.08135596662759781,0.27397820353507996,9.827322959899902
29650744222645,0.06939185410737991,0.2955136001110077,9.750752449035645
29650744236187,0.07896314561367035,0.27397820353507996,9.765109062194824
29650744245614,0.11006984114646912,0.2667997181415558,9.820143699645996
29650744256395,0.05503492057323456,0.3026920557022095,9.789037704467773
29650744269208,0.062213387340307236,0.27397820353507996,9.762716293334961
29650744281760,0.03349951654672623,0.2835494875907898,9.7938232421875
29650744286187,0.05503492057323456,0.26919254660606384,9.80817985534668
29650744299104,0.07417750358581543,0.2883351147174835,9.750752449035645
29650744308322,0.06699903309345245,0.2715853750705719,9.755537986755371
29650744316031,0.05742774158716202,0.2883351147174835,9.7938232421875
29650744328999,0.06699903309345245,0.3002992272377014,9.772287368774414
29650744337072,0.064606212079525,0.29312077164649963,9.757930755615234
29650744341551,0.064606212079525,0.29790642857551575,9.784252166748047
29650744350510,0.07896314561367035,0.28115665912628174,9.7938232421875
29650744368114,0.05503492057323456,0.2787638306617737,9.784252166748047
29650744373374,0.08135596662759781,0.25722843408584595,9.774680137634277
29650744380979,0.059820566326379776,0.27397820353507996,9.80100154876709
29650744400718,0.062213387340307236,0.2667997181415558,9.791430473327637
29650744408583,0.064606212079525,0.2883351147174835,9.81535816192627
29650744413947,0.059820566326379776,0.26919254660606384,9.80100154876709
29650744428843,0.0526420995593071,0.2763710021972656,9.731609344482422
29650744433635,0.07657032459974289,0.25004997849464417,9.80817985534668
29650744454833,0.05503492057323456,0.24287149310112,9.834501266479492
29650744465301,0.04546362906694412,0.26440688967704773,9.791430473327637
29650744473531,0.08135596662759781,0.26440688967704773,9.736394882202148
29650744483531,0.062213387340307236,0.26919254660606384,9.750752449035645
29650744496239,0.0526420995593071,0.29790642857551575,9.784252166748047
29650744506395,0.05742774158716202,0.2787638306617737,9.78664493560791
29650744516291,0.07657032459974289,0.28594231605529785,9.724431037902832
29650744521551,0.07896314561367035,0.2835494875907898,9.796216011047363
29650744530614,0.08853443711996078,0.29790642857551575,9.772287368774414
29650744547124,0.038285162299871445,0.30508488416671753,9.829715728759766
29650744551395,0.064606212079525,0.28115665912628174,9.748359680175781
29650744565614,0.06939185410737991,0.28115665912628174,9.791430473327637
29650744570562,0.019142581149935722,0.2548356056213379,9.76989459991455
29650744586864,0.07417750358581543,0.26201409101486206,9.762716293334961
29650744598999,0.12442677468061447,0.26440688967704773,9.734002113342285
29650744607020,0.09810572862625122,0.25722843408584595,9.745966911315918
29650744618322,0.0933200865983963,0.24526432156562805,9.832108497619629
29650744626812,0.08374879509210587,0.2763710021972656,9.741181373596191
29650744635093,0.07896314561367035,0.33379876613616943,9.714859962463379
29650744639885,0.009571290574967861,0.25722843408584595,9.78664493560791
29650744653010,0.0933200865983963,0.30987054109573364,9.686145782470703
29650744664676,0.0526420995593071,0.29790642857551575,9.772287368774414
29650744672854,0.02153540402650833,0.2883351147174835,9.755537986755371
29650744681187,0.031106693670153618,0.29312077164649963,9.76989459991455
29650744689624,0.05742774158716202,0.2955136001110077,9.834501266479492
29650744696812,0.04785645380616188,0.2907279431819916,9.762716293334961
29650744705301,0.05024927482008934,0.25722843408584595,9.822537422180176
29650744713739,0.04546362906694412,0.2763710021972656,9.76989459991455
29650747229520,0.08374879509210587,0.29312077164649963,9.762716293334961
29650748871708,0.08614161610603333,0.28115665912628174,9.734002113342285
29650751565562,0.03349951654672623,0.2667997181415558,9.789037704467773
29650888901291,0.1052841991186142,0.3074777126312256,9.7938232421875
29650888927958,0.05742774158716202,0.2835494875907898,9.760323524475098
29650888936031,0.11246266216039658,0.3290131092071533,9.820143699645996
29650888955197,0.08135596662759781,0.32662028074264526,9.731609344482422
29650888965562,0.07178468257188797,0.28594231605529785,9.734002113342285
29650888975301,0.07178468257188797,0.3170489966869354,9.729216575622559
29650888987697,0.05503492057323456,0.259621262550354,9.781859397888184
29650888998166,0.04307080805301666,0.25722843408584595,9.812965393066406
29650889008114,0.059820566326379776,0.26440688967704773,9.832108497619629
29650889018374,0.062213387340307236,0.29790642857551575,9.798608779907227
29650889032489,0.05742774158716202,0.2883351147174835,9.712467193603516
29650889044416,0.07178468257188797,0.2667997181415558,9.879964828491211
29650889049156,0.09810572862625122,0.29312077164649963,9.836894035339355
29650889060041,0.035892341285943985,0.2715853750705719,9.772287368774414
29650889071499,0.06939185410737991,0.2715853750705719,9.820143699645996
29650889081343,0.13878370821475983,0.27397820353507996,10.009177207946777
29650889091656,0.0933200865983963,0.2715853750705719,9.834501266479492
29650889105406,0.08374879509210587,0.3026920557022095,9.805787086486816
29650889114260,0.06699903309345245,0.30508488416671753,9.698110580444336
29650889118895,0.08614161610603333,0.30508488416671753,9.724431037902832
29650889136187,0.064606212079525,0.28594231605529785,9.750752449035645
29650889145041,0.06699903309345245,0.2883351147174835,9.781859397888184
29650889149624,0.10767702013254166,0.2667997181415558,9.772287368774414
29650889163583,0.08374879509210587,0.3026920557022095,9.748359680175781
29650889176760,0.08853443711996078,0.26919254660606384,9.726823806762695
29650889184833,0.064606212079525,0.2955136001110077,9.688538551330566
29650889190041,0.038285162299871445,0.29312077164649963,9.760323524475098
29650889200874,0.05503492057323456,0.28115665912628174,9.829715728759766
29650889209989,0.06939185410737991,0.29790642857551575,9.789037704467773
29650889225666,0.07417750358581543,0.27397820353507996,9.803394317626953
29650889230666,0.06939185410737991,0.26201409101486206,9.779465675354004
29650889240301,0.040677983313798904,0.2476571500301361,9.822537422180176
29650889258270,0.06939185410737991,0.2907279431819916,9.817750930786133
29650889266031,0.05503492057323456,0.26201409101486206,9.817750930786133
29650889276447,0.062213387340307236,0.28594231605529785,9.77707290649414
29650889287124,0.06699903309345245,0.3002992272377014,9.729216575622559
29650889291551,0.064606212079525,0.3074777126312256,9.846465110778809
29650889305510,0.06939185410737991,0.3314059376716614,9.743574142456055
29650889317281,0.0526420995593071,0.2835494875907898,9.765109062194824
29650889326812,0.06699903309345245,0.28115665912628174,9.724431037902832
29650889331447,0.07178468257188797,0.24047867953777313,9.741181373596191
29650889349103,0.08374879509210587,0.30508488416671753,9.803394317626953
29650889359572,0.07657032459974289,0.27397820353507996,9.774680137634277
29650889363739,0.064606212079525,0.2955136001110077,9.760323524475098
29650889380510,0.0526420995593071,0.28115665912628174,9.738788604736328
29650889389260,0.059820566326379776,0.2763710021972656,9.774680137634277
29650889398999,0.07896314561367035,0.29790642857551575,9.760323524475098
29650889407801,0.06939185410737991,0.29312077164649963,9.844072341918945
29650889411812,0.07178468257188797,0.2715853750705719,9.784252166748047
29650889424572,0.1052841991186142,0.2955136001110077,9.781859397888184
29650889437489,0.05503492057323456,0.2907279431819916,9.774680137634277
29650889445874,0.0933200865983963,0.3002992272377014,9.765109062194824
29650889453999,0.05503492057323456,0.2907279431819916,9.78664493560791
29650889464885,0.1052841991186142,0.259621262550354,9.774680137634277
29650889472749,0.07657032459974289,0.2883351147174835,9.791430473327637
29650889476760,0.064606212079525,0.2883351147174835,9.765109062194824
29650889488843,0.06699903309345245,0.2907279431819916,9.7938232421875
29650889495926,0.07657032459974289,0.2883351147174835,9.765109062194824
29650891599103,0.08853443711996078,0.28115665912628174,9.757930755615234
29650893928374,0.06939185410737991,0.31465616822242737,9.765109062194824
29650896554572,0.07178468257188797,0.2907279431819916,9.789037704467773
