29710890251945,0.06939185410737991,0.2883351147174835,9.767501831054688
29710890269289,0.05024927482008934,0.2715853750705719,9.757930755615234
29710890273820,0.0526420995593071,0.24287149310112,9.798608779907227
29710890282622,0.06699903309345245,0.27397820353507996,9.796216011047363
29710890298299,0.05024927482008934,0.2907279431819916,9.767501831054688
29710890317154,0.07417750358581543,0.28594231605529785,9.762716293334961
29710890326008,0.06939185410737991,0.30987054109573364,9.781859397888184
29710890335487,0.04785645380616188,0.3026920557022095,9.791430473327637
29710890343404,0.05742774158716202,0.2835494875907898,9.81535816192627
29710890356789,0.08614161610603333,0.2883351147174835,9.76989459991455
29710890366060,0.08853443711996078,0.3194418251514435,9.796216011047363
29710890370799,0.08853443711996078,0.26919254660606384,9.80100154876709
29710890382518,0.08853443711996078,0.30987054109573364,9.789037704467773
29710890389966,0.05024927482008934,0.2667997181415558,9.805787086486816
29710890398508,0.09092725813388824,0.2715853750705719,9.753145217895508
29710890411633,0.064606212079525,0.3026920557022095,9.760323524475098
29710890415851,0.06939185410737991,0.29790642857551575,9.781859397888184
29710890432049,0.04785645380616188,0.2883351147174835,9.762716293334961
29710890439706,0.05503492057323456,0.28594231605529785,9.784252166748047
29710890444081,0.0526420995593071,0.25244277715682983,9.78664493560791
29710890456997,0.05742774158716202,0.28115665912628174,9.789037704467773
29710890461685,0.06699903309345245,0.2763710021972656,9.820143699645996
29710890476789,0.08853443711996078,0.24526432156562805,9.750752449035645
29710890485331,0.09092725813388824,0.3002992272377014,9.791430473327637
29710890489445,0.06699903309345245,0.2548356056213379,9.7938232421875
29710890498143,0.04785645380616188,0.2835494875907898,9.796216011047363
29710890513820,0.07657032459974289,0.2763710021972656,9.7938232421875
29710890522466,0.05742774158716202,0.2835494875907898,9.796216011047363
29710890531008,0.059820566326379776,0.2907279431819916,9.798608779907227
29710890535070,0.064606212079525,0.2955136001110077,9.76989459991455
29710890549497,0.05742774158716202,0.29312077164649963,9.76989459991455
29710893063924,0.04785645380616188,0.3122633695602417,9.762716293334961
29710895562466,0.08853443711996078,0.26201409101486206,9.798608779907227
29710897077101,0.08135596662759781,0.2883351147174835,9.784252166748047
29711042095799,0.0526420995593071,0.2907279431819916,9.77707290649414
29711042114133,0.05503492057323456,0.28115665912628174,9.78664493560791
29711042120591,0.059820566326379776,0.28594231605529785,9.789037704467773
29711042134810,0.062213387340307236,0.28594231605529785,9.789037704467773
29711042140278,0.05742774158716202,0.3026920557022095,9.789037704467773
29711042155487,0.09092725813388824,0.27397820353507996,9.789037704467773
29711042170383,0.07417750358581543,0.26919254660606384,9.781859397888184
29711042178195,0.062213387340307236,0.28594231605529785,9.7938232421875
29711042183716,0.07657032459974289,0.26919254660606384,9.784252166748047
29711042202206,0.06699903309345245,0.3194418251514435,9.784252166748047
29711042206893,0.06939185410737991,0.26201409101486206,9.781859397888184
29711042220747,0.07417750358581543,0.2787638306617737,9.7938232421875
29711042226060,0.05024927482008934,0.2883351147174835,9.772287368774414
29711042239810,0.062213387340307236,0.26201409101486206,9.789037704467773
29711042253403,0.08374879509210587,0.27397820353507996,9.789037704467773
29711042257883,0.0933200865983963,0.24526432156562805,9.78664493560791
29711042275018,0.08135596662759781,0.28115665912628174,9.781859397888184
29711042284185,0.06699903309345245,0.2787638306617737,9.77707290649414
29711042292206,0.064606212079525,0.2883351147174835,9.805787086486816
29711042302310,0.08614161610603333,0.25722843408584595,9.784252166748047
29711042310383,0.0526420995593071,0.2883351147174835,9.78664493560791
29711042328143,0.0526420995593071,0.30987054109573364,9.810572624206543
29711042332622,0.06939185410737991,0.25722843408584595,9.78664493560791
29711042346424,0.04785645380616188,0.2787638306617737,9.781859397888184
29711042351164,0.05503492057323456,0.2715853750705719,9.77707290649414
29711042369185,0.07178468257188797,0.2955136001110077,9.803394317626953
29711042386841,0.07896314561367035,0.2835494875907898,9.798608779907227
29711042391216,0.07657032459974289,0.2883351147174835,9.779465675354004
29711042405903,0.062213387340307236,0.3026920557022095,9.77707290649414
29711042411424,0.07178468257188797,0.30987054109573364,9.7938232421875
29711042424133,0.06939185410737991,0.29790642857551575,9.779465675354004
29711042433039,0.059820566326379776,0.30508488416671753,9.78664493560791
29711042441841,0.07657032459974289,0.29790642857551575,9.798608779907227
29711042459289,0.06939185410737991,0.259621262550354,9.77707290649414
29711042466841,0.07178468257188797,0.29312077164649963,9.750752449035645
29711042471268,0.08374879509210587,0.2883351147174835,9.76989459991455
29711042484445,0.07178468257188797,0.29312077164649963,9.774680137634277
29711042493247,0.062213387340307236,0.2667997181415558,9.762716293334961
29711042505643,0.07417750358581543,0.29312077164649963,9.7938232421875
29711042514862,0.07896314561367035,0.2715853750705719,9.772287368774414
29711042524497,0.07896314561367035,0.28115665912628174,9.779465675354004
29711042533247,0.07657032459974289,0.29790642857551575,9.779465675354004
29711042541268,0.07657032459974289,0.3026920557022095,9.767501831054688
29711042555018,0.08853443711996078,0.26201409101486206,9.76989459991455
29711042564862,0.08374879509210587,0.3002992272377014,9.774680137634277
29711042569341,0.04546362906694412,0.3074777126312256,9.798608779907227
29711042578560,0.0526420995593071,0.3026920557022095,9.779465675354004
29711042596320,0.059820566326379776,0.28115665912628174,9.77707290649414
29711042600903,0.07417750358581543,0.2883351147174835,9.784252166748047
29711042613247,0.0526420995593071,0.29312077164649963,9.78664493560791
29711042617622,0.06939185410737991,0.24526432156562805,9.748359680175781
29711042633768,0.05742774158716202,0.2667997181415558,9.76989459991455
29711042641528,0.04307080805301666,0.2548356056213379,9.779465675354004
29711042646268,0.062213387340307236,0.2715853750705719,9.791430473327637
29711042658403,0.06699903309345245,0.29312077164649963,9.7938232421875
29711042667362,0.08853443711996078,0.29312077164649963,9.78664493560791
29711042680122,0.08853443711996078,0.28115665912628174,9.779465675354004
29711042688508,0.07178468257188797,0.29312077164649963,9.772287368774414
29711042695956,0.08853443711996078,0.30508488416671753,9.7938232421875
29711042707622,0.0526420995593071,0.2787638306617737,9.767501831054688
29711042711945,0.06939185410737991,0.28594231605529785,9.789037704467773
29711046509445,0.07896314561367035,0.24526432156562805,9.791430473327637
29711046613664,0.07417750358581543,0.2835494875907898,9.77707290649414
29711049642258,0.031106693670153618,0.28115665912628174,9.762716293334961
29711193217153,0.08614161610603333,0.2667997181415558,9.784252166748047
29711193226893,0.07896314561367035,0.2835494875907898,9.80100154876709
29711193240330,0.07417750358581543,0.2667997181415558,9.767501831054688
29711193250851,0.07896314561367035,0.2907279431819916,9.76989459991455
29711193265435,0.05024927482008934,0.2883351147174835,9.7938232421875
29711193278872,0.040677983313798904,0.27397820353507996,9.7938232421875
29711193283508,0.07896314561367035,0.29312077164649963,9.798608779907227
29711193298768,0.05742774158716202,0.2715853750705719,9.78664493560791
29711193313143,0.08135596662759781,0.2667997181415558,9.789037704467773
29711193325226,0.059820566326379776,0.2763710021972656,9.7938232421875
29711193333872,0.06699903309345245,0.27397820353507996,9.774680137634277
29711193347518,0.06699903309345245,0.26440688967704773,9.784252166748047
29711193357258,0.08135596662759781,0.2835494875907898,9.77707290649414
29711193367153,0.09571290761232376,0.2955136001110077,9.789037704467773
29711193372466,0.06939185410737991,0.27397820353507996,9.80817985534668
29711193384393,0.08135596662759781,0.27397820353507996,9.767501831054688
29711193392414,0.062213387340307236,0.2835494875907898,9.772287368774414
29711193404862,0.06939185410737991,0.2883351147174835,9.781859397888184
29711193414914,0.07178468257188797,0.2955136001110077,9.798608779907227
29711193422987,0.06939185410737991,0.27397820353507996,9.779465675354004
29711193434966,0.07417750358581543,0.2715853750705719,9.791430473327637
29711193439758,0.062213387340307236,0.26919254660606384,9.789037704467773
29711193449080,0.059820566326379776,0.29312077164649963,9.78664493560791
29711193463612,0.07896314561367035,0.2907279431819916,9.784252166748047
29711193467987,0.04546362906694412,0.2883351147174835,9.772287368774414
29711193486112,0.064606212079525,0.26440688967704773,9.757930755615234
29711193490903,0.062213387340307236,0.2715853750705719,9.772287368774414
29711193504237,0.08853443711996078,0.2907279431819916,9.779465675354004
29711193508716,0.07896314561367035,0.2787638306617737,9.784252166748047
29711193527153,0.062213387340307236,0.2667997181415558,9.791430473327637
29711193536997,0.05742774158716202,0.26919254660606384,9.791430473327637
29711193542153,0.06699903309345245,0.2715853750705719,9.803394317626953
29711193554028,0.07896314561367035,0.28115665912628174,9.774680137634277
29711193567466,0.05503492057323456,0.29312077164649963,9.78664493560791
29711193572205,0.064606212079525,0.2907279431819916,9.765109062194824
29711193584445,0.062213387340307236,0.29312077164649963,9.779465675354004
29711193593924,0.064606212079525,0.3074777126312256,9.762716293334961
29711193605070,0.06699903309345245,0.28115665912628174,9.748359680175781
29711193614653,0.06699903309345245,0.29312077164649963,9.772287368774414
29711193624080,0.05742774158716202,0.3074777126312256,9.779465675354004
29711193633664,0.06699903309345245,0.2883351147174835,9.774680137634277
29711193638143,0.062213387340307236,0.29790642857551575,9.774680137634277
29711193658455,0.062213387340307236,0.2787638306617737,9.78664493560791
29711193667674,0.06699903309345245,0.2715853750705719,9.772287368774414
29711193672570,0.07657032459974289,0.3074777126312256,9.78664493560791
29711193679914,0.05742774158716202,0.3026920557022095,9.78664493560791
29711193696997,0.07417750358581543,0.29312077164649963,9.772287368774414
29711193701893,0.06939185410737991,0.2787638306617737,9.781859397888184
29711193715226,0.06939185410737991,0.2787638306617737,9.781859397888184
29711193728039,0.07896314561367035,0.2667997181415558,9.772287368774414
29711193736789,0.06939185410737991,0.2715853750705719,9.76989459991455
29711193746580,0.07178468257188797,0.2476571500301361,9.76989459991455
29711193751164,0.08374879509210587,0.259621262550354,9.784252166748047
29711193765539,0.08374879509210587,0.28594231605529785,9.78664493560791
29711193777935,0.059820566326379776,0.2835494875907898,9.779465675354004
29711193787622,0.062213387340307236,0.29312077164649963,9.789037704467773
29711193791945,0.08614161610603333,0.31465616822242737,9.781859397888184
29711193800643,0.06699903309345245,0.30987054109573364,9.791430473327637
29711193816789,0.06939185410737991,0.32183465361595154,9.765109062194824
29711193824914,0.062213387340307236,0.27397820353507996,9.76989459991455
29711194864133,0.064606212079525,0.28115665912628174,9.789037704467773
29711196865851,0.0933200865983963,0.2835494875907898,9.77707290649414
29711198913820,0.059820566326379776,0.29312077164649963,9.767501831054688
29711201593091,0.10049854964017868,0.2715853750705719,9.791430473327637
29711346590903,0.0933200865983963,0.3122633695602417,9.76989459991455
29711346607622,0.08135596662759781,0.2907279431819916,9.767501831054688
29711346613247,0.08614161610603333,0.2883351147174835,9.803394317626953
29711346633455,0.06699903309345245,0.26440688967704773,9.781859397888184
29711346642622,0.08853443711996078,0.26440688967704773,9.767501831054688
29711346647778,0.05024927482008934,0.29312077164649963,9.772287368774414
29711346671007,0.05742774158716202,0.28594231605529785,9.767501831054688
29711346676372,0.05742774158716202,0.2955136001110077,9.7938232421875
29711346685851,0.059820566326379776,0.3026920557022095,9.774680137634277
29711346693664,0.07178468257188797,0.2667997181415558,9.767501831054688
29711346705799,0.07896314561367035,0.2763710021972656,9.765109062194824
29711346714132,0.064606212079525,0.2763710021972656,9.760323524475098
29711346723820,0.064606212079525,0.30508488416671753,9.76989459991455
29711346739185,0.05742774158716202,0.2883351147174835,9.796216011047363
29711346748716,0.062213387340307236,0.2835494875907898,9.80817985534668
29711346757466,0.07417750358581543,0.259621262550354,9.7938232421875
29711346772466,0.07896314561367035,0.2476571500301361,9.791430473327637
29711346777674,0.06939185410737991,0.28594231605529785,9.77707290649414
29711346787466,0.059820566326379776,0.2835494875907898,9.7938232421875
29711346797310,0.07657032459974289,0.30508488416671753,9.791430473327637
29711346815278,0.062213387340307236,0.24287149310112,9.76989459991455
29711346824914,0.05503492057323456,0.2883351147174835,9.784252166748047
29711346829289,0.06699903309345245,0.2667997181415558,9.80100154876709
29711346839237,0.08374879509210587,0.2835494875907898,9.784252166748047
29711346858820,0.08374879509210587,0.26440688967704773,9.791430473327637
29711346868507,0.0526420995593071,0.26440688967704773,9.789037704467773
29711346877362,0.059820566326379776,0.29312077164649963,9.7938232421875
29711346886268,0.07417750358581543,0.2787638306617737,9.791430473327637
29711346902049,0.08135596662759781,0.2667997181415558,9.78664493560791
29711346912622,0.08135596662759781,0.27397820353507996,9.789037704467773
29711346928872,0.07657032459974289,0.2787638306617737,9.791430473327637
29711346936580,0.062213387340307236,0.30508488416671753,9.779465675354004
29711346950330,0.08135596662759781,0.2763710021972656,9.784252166748047
29711346960747,0.07417750358581543,0.25244277715682983,9.7938232421875
29711346970018,0.062213387340307236,0.2787638306617737,9.781859397888184
29711346980435,0.0526420995593071,0.26440688967704773,9.774680137634277
29711346985330,0.06939185410737991,0.259621262550354,9.765109062194824
29711346999497,0.04785645380616188,0.2667997181415558,9.774680137634277
29711347014185,0.062213387340307236,0.26440688967704773,9.781859397888184
29711347019289,0.07896314561367035,0.3002992272377014,9.774680137634277
29711347026945,0.08853443711996078,0.2907279431819916,9.76989459991455
29711347040695,0.07178468257188797,0.2955136001110077,9.77707290649414
29711347050122,0.07417750358581543,0.2763710021972656,9.7938232421875
29711347064028,0.08614161610603333,0.28594231605529785,9.779465675354004
29711347077362,0.0526420995593071,0.2835494875907898,9.76989459991455
29711347086320,0.08614161610603333,0.2787638306617737,9.76989459991455
29711347095382,0.07896314561367035,0.2883351147174835,9.791430473327637
29711347099966,0.09810572862625122,0.26201409101486206,9.77707290649414
29711347107362,0.09810572862625122,0.26440688967704773,9.77707290649414
29711347124549,0.06699903309345245,0.2667997181415558,9.791430473327637
29711347134862,0.062213387340307236,0.2955136001110077,9.784252166748047
29711347142830,0.08614161610603333,0.26919254660606384,9.7938232421875
29711347146997,0.07417750358581543,0.3002992272377014,9.784252166748047
29711347162622,0.08135596662759781,0.3002992272377014,9.791430473327637
29711347166737,0.059820566326379776,0.259621262550354,9.760323524475098
29711347179132,0.064606212079525,0.28115665912628174,9.77707290649414
29711347186268,0.06699903309345245,0.2667997181415558,9.784252166748047
29711347190539,0.04785645380616188,0.29312077164649963,9.765109062194824
29711347202362,0.04546362906694412,0.27397820353507996,9.7938232421875
29711347226893,0.064606212079525,0.2787638306617737,9.78664493560791
29711350010591,0.05742774158716202,0.28115665912628174,9.767501831054688
29711350017153,0.07896314561367035,0.27397820353507996,9.772287368774414
29711351924497,0.064606212079525,0.26919254660606384,9.767501831054688
29711353850955,0.062213387340307236,0.3074777126312256,9.77707290649414
29711495106789,0.062213387340307236,0.2715853750705719,9.784252166748047
29711495136216,0.07896314561367035,0.3002992272377014,9.789037704467773
29711495146580,0.08135596662759781,0.27397820353507996,9.755537986755371
29711495152726,0.07417750358581543,0.28115665912628174,9.784252166748047
29711495172205,0.08853443711996078,0.26919254660606384,9.791430473327637
29711495186476,0.07657032459974289,0.2715853750705719,9.791430473327637
29711495201216,0.08374879509210587,0.2787638306617737,9.781859397888184
29711495210955,0.05742774158716202,0.2787638306617737,9.774680137634277
29711495216580,0.062213387340307236,0.26440688967704773,9.76989459991455
29711495225122,0.0933200865983963,0.28115665912628174,9.784252166748047
29711495237778,0.062213387340307236,0.2548356056213379,9.779465675354004
29711495251789,0.07178468257188797,0.2763710021972656,9.767501831054688
29711495259757,0.07896314561367035,0.2787638306617737,9.76989459991455
29711495264237,0.05024927482008934,0.2787638306617737,9.781859397888184
29711495273560,0.07657032459974289,0.25004997849464417,9.77707290649414
29711495292101,0.05024927482008934,0.28115665912628174,9.774680137634277
29711495301789,0.08374879509210587,0.28594231605529785,9.781859397888184
29711495311580,0.064606212079525,0.26919254660606384,9.779465675354004
29711495316372,0.059820566326379776,0.3002992272377014,9.810572624206543
29711495334080,0.07657032459974289,0.2907279431819916,9.762716293334961
29711495343351,0.064606212079525,0.2787638306617737,9.77707290649414
29711495347935,0.07657032459974289,0.28594231605529785,9.762716293334961
29711495360903,0.07178468257188797,0.2763710021972656,9.779465675354004
29711495374393,0.06699903309345245,0.2715853750705719,9.80100154876709
29711495379080,0.08614161610603333,0.25722843408584595,9.779465675354004
29711495392778,0.07896314561367035,0.2787638306617737,9.791430473327637
29711495402622,0.07657032459974289,0.29312077164649963,9.774680137634277
29711495415903,0.062213387340307236,0.3026920557022095,9.791430473327637
29711495420903,0.062213387340307236,0.2787638306617737,9.781859397888184
29711495434810,0.07417750358581543,0.26919254660606384,9.78664493560791
29711495444237,0.08135596662759781,0.3002992272377014,9.78664493560791
29711495458768,0.035892341285943985,0.3026920557022095,9.78664493560791
29711495463560,0.06699903309345245,0.29312077164649963,9.762716293334961
29711495476997,0.09810572862625122,0.26440688967704773,9.781859397888184
29711495486789,0.08374879509210587,0.28115665912628174,9.779465675354004
29711495491737,0.0526420995593071,0.2763710021972656,9.791430473327637
29711495511893,0.08853443711996078,0.29790642857551575,9.779465675354004
29711495520851,0.07178468257188797,0.28115665912628174,9.798608779907227
29711495528976,0.07657032459974289,0.259621262550354,9.779465675354004
29711495533403,0.0526420995593071,0.2907279431819916,9.812965393066406
29711495552622,0.07178468257188797,0.27397820353507996,9.767501831054688
29711495562101,0.035892341285943985,0.2835494875907898,9.78664493560791
29711495571945,0.06939185410737991,0.27397820353507996,9.789037704467773
29711495580226,0.062213387340307236,0.26440688967704773,9.781859397888184
29711495593612,0.064606212079525,0.2907279431819916,9.781859397888184
29711495597987,0.06939185410737991,0.2907279431819916,9.779465675354004
29711495611737,0.08135596662759781,0.27397820353507996,9.779465675354004
29711495621320,0.0526420995593071,0.2763710021972656,9.80817985534668
29711495634237,0.06939185410737991,0.30987054109573364,9.779465675354004
29711495643820,0.0933200865983963,0.2476571500301361,9.798608779907227
29711495652882,0.07417750358581543,0.28115665912628174,9.77707290649414
29711495661997,0.0526420995593071,0.29312077164649963,9.772287368774414
29711495666789,0.05503492057323456,0.2955136001110077,9.805787086486816
29711495684601,0.07178468257188797,0.26201409101486206,9.789037704467773
29711495689237,0.08374879509210587,0.25244277715682983,9.781859397888184
29711495697466,0.07657032459974289,0.28115665912628174,9.784252166748047
29711495705591,0.07178468257188797,0.27397820353507996,9.779465675354004
29711495720851,0.08374879509210587,0.2955136001110077,9.784252166748047
29711495728768,0.062213387340307236,0.29312077164649963,9.789037704467773
29711496345018,0.05742774158716202,0.3002992272377014,9.791430473327637
29711499146216,0.059820566326379776,0.28594231605529785,9.772287368774414
29711500756737,0.05742774158716202,0.2763710021972656,9.791430473327637
29711503099289,0.07178468257188797,0.27397820353507996,9.78664493560791
29711643937101,0.05742774158716202,0.2883351147174835,9.736394882202148
29711643952882,0.059820566326379776,0.2715853750705719,9.781859397888184
29711643971164,0.05024927482008934,0.25244277715682983,9.789037704467773
29711643976684,0.05024927482008934,0.3002992272377014,9.76989459991455
29711643992101,0.06699903309345245,0.2763710021972656,9.80817985534668
29711644018091,0.07178468257188797,0.29312077164649963,9.762716293334961
29711644028872,0.059820566326379776,0.3002992272377014,9.750752449035645
29711644043507,0.064606212079525,0.259621262550354,9.853643417358398
29711644052622,0.07896314561367035,0.23808585107326508,9.839286804199219
29711644056789,0.07657032459974289,0.2835494875907898,9.812965393066406
29711644065747,0.06939185410737991,0.2189432680606842,9.80817985534668
29711644081737,0.04546362906694412,0.22612173855304718,9.80817985534668
29711644097674,0.062213387340307236,0.31465616822242737,9.784252166748047
29711644107414,0.10049854964017868,0.26919254660606384,9.734002113342285
29711644112570,0.06699903309345245,0.29312077164649963,9.767501831054688
29711644129601,0.11964113265275955,0.3361915946006775,9.578469276428223
29711644140591,0.0933200865983963,0.2955136001110077,9.729216575622559
29711644145799,0.07417750358581543,0.28115665912628174,9.726823806762695
29711644157934,0.02871387079358101,0.27397820353507996,9.868000984191895
29711644171059,0.04546362906694412,0.26440688967704773,9.80817985534668
29711644182518,0.07178468257188797,0.2907279431819916,9.879964828491211
29711644189028,0.031106693670153618,0.36729827523231506,9.734002113342285
29711644203924,0.05024927482008934,0.30987054109573364,9.791430473327637
29711644217987,0.02632104977965355,0.2955136001110077,9.798608779907227
29711644227153,0.04307080805301666,0.32183465361595154,9.80100154876709
29711644236737,0.02392822690308094,0.2883351147174835,9.913464546203613
29711644245382,0.1052841991186142,0.2835494875907898,9.80817985534668
29711644257205,0.007178467698395252,0.2476571500301361,9.858428955078125
29711644266528,0.05503492057323456,0.2715853750705719,9.810572624206543
29711644275226,0.07896314561367035,0.26919254660606384,9.832108497619629
29711644285226,0.062213387340307236,0.259621262550354,9.7938232421875
29711644289601,0.06939185410737991,0.2835494875907898,9.781859397888184
29711644301841,0.04785645380616188,0.29790642857551575,9.76989459991455
29711644310539,0.07178468257188797,0.2787638306617737,9.784252166748047
29711644324289,0.07417750358581543,0.2667997181415558,9.78664493560791
29711644329080,0.08614161610603333,0.2883351147174835,9.760323524475098
29711644345382,0.06699903309345245,0.2787638306617737,9.765109062194824
29711644349862,0.05742774158716202,0.2763710021972656,9.779465675354004
29711644363612,0.059820566326379776,0.28115665912628174,9.77707290649414
29711644375695,0.07657032459974289,0.2835494875907898,9.80100154876709
29711644383091,0.059820566326379776,0.26919254660606384,9.796216011047363
29711644391684,0.05503492057323456,0.2835494875907898,9.7005033493042
29711644395851,0.15314064919948578,0.2907279431819916,10.088140487670898
29711644409341,-0.05024927482008934,0.2548356056213379,9.528220176696777
29711644422466,0.14356936514377594,0.3290131092071533,9.635896682739258
29711644430643,0.1579262912273407,0.27397820353507996,10.133604049682617
29711644439184,-0.09092725813388824,0.2883351147174835,9.281759262084961
29711644448091,0.22013968229293823,0.3170489966869354,9.968499183654785
29711644463403,0.040677983313798904,0.2787638306617737,9.908679008483887
29711644472049,-0.03349951654672623,0.26440688967704773,9.784252166748047
29711644479705,0.040677983313798904,0.32183465361595154,9.556933403015137
29711644488143,0.2584248483181,0.28115665912628174,9.958928108215332
29711644492674,-0.05503492057323456,0.2309073805809021,9.686145782470703
29711644508195,0.09810572862625122,0.28115665912628174,10.145567893981934
29711644515955,-0.04785645380616188,0.3002992272377014,9.410971641540527
29711644524132,0.31345975399017334,0.32662028074264526,10.066604614257812
29711644527987,0.035892341285943985,0.3170489966869354,9.695717811584473
29711644543143,-0.02632104977965355,0.26201409101486206,9.623932838439941
29711644547153,0.08374879509210587,0.29312077164649963,9.78664493560791
29711646342934,0.08853443711996078,0.27397820353507996,9.868000984191895
29711647257622,-0.009571290574967861,0.26201409101486206,9.681360244750977
29711650444237,0.10049854964017868,0.2955136001110077,9.839286804199219
29711652740434,0.09571290761232376,0.3242274820804596,9.600004196166992
29711793966684,0.16510476171970367,0.2883351147174835,9.877572059631348
29711793983611,0.0023928226437419653,0.23330020904541016,9.827322959899902
29711793999289,0.009571290574967861,0.26201409101486206,9.743574142456055
29711794009497,0.064606212079525,0.28594231605529785,9.717252731323242
29711794019028,0.1339980661869049,0.2955136001110077,9.870393753051758
29711794024184,0.019142581149935722,0.2883351147174835,9.820143699645996
29711794033403,0.059820566326379776,0.26919254660606384,9.76989459991455
29711794049705,0.06699903309345245,0.29790642857551575,9.722038269042969
29711794066216,0.13639089465141296,0.3074777126312256,9.856036186218262
29711794077361,0.064606212079525,0.3002992272377014,9.851250648498535
29711794082518,0.05024927482008934,0.25722843408584595,9.688538551330566
29711794095747,0.0526420995593071,0.3002992272377014,9.78664493560791
29711794108455,0.10289137065410614,0.26440688967704773,9.865608215332031
29711794117622,0.062213387340307236,0.26919254660606384,9.76989459991455
29711794130643,0.05503492057323456,0.28115665912628174,9.724431037902832
29711794140434,0.08374879509210587,0.2667997181415558,9.822537422180176
29711794150226,0.059820566326379776,0.27397820353507996,9.829715728759766
29711794160018,0.0526420995593071,0.2955136001110077,9.724431037902832
29711794168664,0.07657032459974289,0.2715853750705719,9.774680137634277
29711794182101,0.08374879509210587,0.2787638306617737,9.80100154876709
29711794193820,0.062213387340307236,0.28115665912628174,9.77707290649414
29711794198924,0.08135596662759781,0.2715853750705719,9.760323524475098
29711794212934,0.08374879509210587,0.29790642857551575,9.822537422180176
29711794224132,0.07178468257188797,0.26919254660606384,9.779465675354004
29711794234080,0.04546362906694412,0.27397820353507996,9.781859397888184
29711794242986,0.059820566326379776,0.29790642857551575,9.78664493560791
29711794252986,0.064606212079525,0.25004997849464417,9.781859397888184
29711794257674,0.062213387340307236,0.2715853750705719,9.803394317626953
29711794271424,0.08614161610603333,0.27397820353507996,9.80100154876709
29711794281216,0.064606212079525,0.2763710021972656,9.77707290649414
29711794294914,0.05503492057323456,0.27397820353507996,9.789037704467773
29711794299393,0.059820566326379776,0.3002992272377014,9.748359680175781
29711794316111,0.08135596662759781,0.28115665912628174,9.774680137634277
29711794325278,0.06939185410737991,0.3026920557022095,9.789037704467773
29711794333924,0.05503492057323456,0.28594231605529785,9.767501831054688
29711794346268,0.04307080805301666,0.29790642857551575,9.779465675354004
29711794355070,0.06699903309345245,0.3074777126312256,9.796216011047363
29711794364653,0.07896314561367035,0.2763710021972656,9.774680137634277
29711794369080,0.08135596662759781,0.27397820353507996,9.78664493560791
29711794380122,0.05742774158716202,0.2835494875907898,9.803394317626953
29711794392361,0.0526420995593071,0.29312077164649963,9.77707290649414
29711794401216,0.06699903309345245,0.2548356056213379,9.7938232421875
29711794408507,0.064606212079525,0.2715853750705719,9.774680137634277
29711794420434,0.07896314561367035,0.3026920557022095,9.80817985534668
29711794432518,0.05503492057323456,0.3122633695602417,9.80817985534668
29711794436632,0.064606212079525,0.2955136001110077,9.80817985534668
29711794445695,0.04546362906694412,0.2763710021972656,9.78664493560791
29711794459236,0.09571290761232376,0.2835494875907898,9.789037704467773
29711794463716,0.08853443711996078,0.2907279431819916,9.760323524475098
29711794475643,0.06939185410737991,0.2667997181415558,9.724431037902832
29711794487726,0.05024927482008934,0.25004997849464417,9.81535816192627
29711794491893,0.05503492057323456,0.2763710021972656,9.80100154876709
29711794500070,0.05742774158716202,0.2763710021972656,9.719645500183105
29711794514445,0.059820566326379776,0.29790642857551575,9.796216011047363
29711794522674,0.08374879509210587,0.32662028074264526,9.659825325012207
29711794526945,0.09092725813388824,0.28115665912628174,9.7005033493042
29711794538507,0.059820566326379776,0.26201409101486206,9.80100154876709
29711794550591,0.07417750358581543,0.3002992272377014,9.803394317626953
29711794554601,0.06699903309345245,0.27397820353507996,9.76989459991455
29711795465799,0.062213387340307236,0.2763710021972656,9.80100154876709
29711796888039,0.06939185410737991,0.2787638306617737,9.779465675354004
29711800276841,0.07657032459974289,0.28594231605529785,9.789037704467773
29711802852466,0.07417750358581543,0.2763710021972656,9.722038269042969
29711943975539,0.05503492057323456,0.28594231605529785,9.820143699645996
29711943994184,0.06699903309345245,0.29312077164649963,9.796216011047363
29711944000018,0.064606212079525,0.29790642857551575,9.705288887023926
29711944039757,0.06939185410737991,0.2787638306617737,9.791430473327637
29711944050903,0.07178468257188797,0.26201409101486206,9.820143699645996
29711944060486,0.05503492057323456,0.28594231605529785,9.81535816192627
29711944069289,0.08374879509210587,0.3170489966869354,9.767501831054688
29711944087309,0.05742774158716202,0.26440688967704773,9.76989459991455
29711944103351,0.06939185410737991,0.2667997181415558,9.829715728759766
29711944119393,0.06939185410737991,0.26919254660606384,9.753145217895508
29711944132882,0.05503492057323456,0.2835494875907898,9.767501831054688
29711944143559,0.062213387340307236,0.2883351147174835,9.734002113342285
29711944152986,0.08135596662759781,0.2667997181415558,9.750752449035645
29711944163351,0.06699903309345245,0.26919254660606384,9.753145217895508
29711944171320,0.064606212079525,0.30508488416671753,9.736394882202148
29711944186632,0.09092725813388824,0.2907279431819916,9.784252166748047
29711944196268,0.06939185410737991,0.25244277715682983,9.791430473327637
29711944204497,0.059820566326379776,0.2907279431819916,9.741181373596191
29711944216059,0.07417750358581543,0.3026920557022095,9.753145217895508
29711944228872,0.059820566326379776,0.25722843408584595,9.762716293334961
29711944237778,0.05024927482008934,0.25722843408584595,9.834501266479492
29711944242205,0.04546362906694412,0.2907279431819916,9.872786521911621
29711944255799,0.06939185410737991,0.27397820353507996,9.812965393066406
29711944260643,0.059820566326379776,0.29790642857551575,9.805787086486816
29711944273872,0.062213387340307236,0.2476571500301361,9.882357597351074
29711944282570,0.07896314561367035,0.28594231605529785,9.781859397888184
29711944294132,0.04546362906694412,0.2763710021972656,9.7938232421875
29711944299445,0.0933200865983963,0.28594231605529785,9.753145217895508
29711944312726,0.07178468257188797,0.28594231605529785,9.781859397888184
29711944329393,0.07657032459974289,0.32662028074264526,9.722038269042969
29711944334809,0.08614161610603333,0.30508488416671753,9.722038269042969
29711944354132,0.08135596662759781,0.24526432156562805,9.724431037902832
29711944360174,0.059820566326379776,0.25722843408584595,9.755537986755371
29711944374914,0.05024927482008934,0.2763710021972656,9.741181373596191
29711944384341,0.06939185410737991,0.26201409101486206,9.750752449035645
29711944389028,0.07896314561367035,0.26440688967704773,9.820143699645996
29711944406632,0.07178468257188797,0.2907279431819916,9.743574142456055
29711944411476,0.059820566326379776,0.27397820353507996,9.753145217895508
29711944423247,0.05024927482008934,0.2883351147174835,9.755537986755371
29711944430695,0.06939185410737991,0.25004997849464417,9.78664493560791
29711944441841,0.05503492057323456,0.25722843408584595,9.80100154876709
29711944446164,0.08614161610603333,0.2835494875907898,9.765109062194824
29711944460226,0.059820566326379776,0.2883351147174835,9.755537986755371
29711944471893,0.062213387340307236,0.2787638306617737,9.789037704467773
29711944480799,0.05742774158716202,0.26201409101486206,9.750752449035645
29711944496164,0.08614161610603333,0.2715853750705719,9.789037704467773
29711944505226,0.08614161610603333,0.2907279431819916,9.753145217895508
29711944509497,0.08135596662759781,0.29790642857551575,9.726823806762695
29711944518195,0.07178468257188797,0.2955136001110077,9.77707290649414
29711944534236,0.06699903309345245,0.26919254660606384,9.78664493560791
29711944538195,0.08614161610603333,0.2907279431819916,9.748359680175781
29711944546684,0.06939185410737991,0.28594231605529785,9.767501831054688
29711944562726,0.07417750358581543,0.2715853750705719,9.791430473327637
29711944570122,0.08135596662759781,0.29312077164649963,9.7938232421875
29711944577414,0.07178468257188797,0.2883351147174835,9.784252166748047
29711944584341,0.08135596662759781,0.2715853750705719,9.767501831054688
29711944592414,0.05742774158716202,0.29790642857551575,9.796216011047363
