29550065941069,-0.000839939049910754,0.0010690133785828948,0.0009926552884280682
29550065957111,-0.000839939049910754,0.004734201822429895,-0.00022907429956831038
29550065961538,-0.002672533504664898,0.002290742937475443,-0.001450803829357028
29550065971069,-0.002061668550595641,-0.0001527161948615685,-0.00022907429956831038
29550065979611,0.00038179047987796366,-0.0001527161948615685,-0.000839939049910754
29550065988621,-0.00022907429956831038,-0.0001527161948615685,-0.000839939049910754
29550066001902,-0.00022907429956831038,-0.0019089524867013097,-0.000839939049910754
29550066010132,0.0009926552884280682,-0.00007635809743078426,0.00038179047987796366
29550066018673,-0.000839939049910754,-0.0006872228696011007,0.00038179047987796366
29550066030132,-0.001450803829357028,-0.004352411720901728,0.0009926552884280682
29550066034871,0.00038179047987796366,-0.0019089524867013097,0.0016035200096666813
29550066041382,-0.000305432389723137,-0.0006872228696011007,0.00038179047987796366
29550066052788,0.0009162971982732415,-0.0006872228696011007,0.00038179047987796366
29550069044819,0.000305432389723137,-0.0019089524867013097,0.00038179047987796366
29550070035236,0.0009162971982732415,-0.0006872228696011007,0.00038179047987796366
29550073071798,0.000305432389723137,-0.0012980876490473747,0.00038179047987796366
29550128371329,0.0009162971982732415,0.0017562361899763346,-0.00022907429956831038
29550128378934,-0.0021380267571657896,0.0005345066892914474,0.000305432389723137
29550128397267,-0.000305432389723137,0.0029779658652842045,0.000305432389723137
29550128405809,-0.0009162971982732415,-0.00007635809743078426,-0.000305432389723137
29550128417840,-0.0009162971982732415,0.0023671009112149477,-0.0009162971982732415
29550128421850,0.000305432389723137,-0.000610864779446274,0.0009162971982732415
29550128433048,0.0009162971982732415,0.003665188793092966,-0.000305432389723137
29550128440861,-0.0021380267571657896,-0.000610864779446274,-0.0015271619195118546
29550128448517,-0.000305432389723137,0.001221729558892548,-0.0015271619195118546
29550128455079,0.0009162971982732415,-0.004276053514331579,0.0009162971982732415
29550128462163,0.000305432389723137,0.0,0.0009162971982732415
29550128472215,0.0009162971982732415,-0.000610864779446274,-0.0015271619195118546
29550128480704,0.000305432389723137,0.0,-0.000305432389723137
29550128488413,0.0009162971982732415,-0.001832594396546483,0.0009162971982732415
29550128504142,-0.000305432389723137,-0.002443459117785096,0.000305432389723137
29550128509142,-0.000305432389723137,0.001832594396546483,-0.0009162971982732415
29550128516694,0.000305432389723137,-0.0030543238390237093,0.000305432389723137
29550128528465,0.000305432389723137,0.001832594396546483,0.000305432389723137
29550128541069,-0.000305432389723137,-0.003665188793092966,0.0009162971982732415
29550128555288,-0.000305432389723137,0.001832594396546483,0.0015271619195118546
29550128569923,0.000305432389723137,-0.001221729558892548,-0.0015271619195118546
29550128584350,0.000305432389723137,0.002443459117785096,-0.0009162971982732415
29550128596434,-0.0015271619195118546,-0.001221729558892548,0.000305432389723137
29550129251173,0.000305432389723137,0.0006872228696011007,0.000305432389723137
29550132503204,-0.0009926552884280682,0.00007635809743078426,-0.000305432389723137
29550134805184,-0.0009926552884280682,0.00007635809743078426,-0.000305432389723137
29550137115079,-0.00038179047987796366,0.00007635809743078426,0.000305432389723137
29550191889871,-0.0009926552884280682,-0.0005345066892914474,0.0009162971982732415
29550191911329,0.000839939049910754,0.0012980876490473747,0.0009162971982732415
29550191919923,-0.00038179047987796366,-0.0011453714687377214,-0.0009162971982732415
29550191924298,-0.0009926552884280682,0.00007635809743078426,-0.000305432389723137
29550191940861,-0.00038179047987796366,-0.0005345066892914474,0.0009162971982732415
29550191949923,-0.0016035200096666813,0.0012980876490473747,-0.000305432389723137
29550191960236,0.00022907429956831038,0.0006872228696011007,0.000305432389723137
29550191966538,0.000839939049910754,-0.0005345066892914474,0.000305432389723137
29550191976746,0.00022907429956831038,-0.0005345066892914474,-0.000305432389723137
29550191985496,0.00022907429956831038,-0.0005345066892914474,0.0009162971982732415
29550191994506,-0.00038179047987796366,-0.0005345066892914474,0.000305432389723137
29550192143256,0.002061668550595641,0.00007635809743078426,0.000305432389723137
29550192157579,-0.0009926552884280682,-0.0005345066892914474,-0.000305432389723137
29550192170236,-0.0016035200096666813,-0.0011453714687377214,-0.000305432389723137
29550192177840,-0.00038179047987796366,0.0006872228696011007,-0.0009162971982732415
29550192185704,-0.00038179047987796366,0.00007635809743078426,0.0009162971982732415
29550192194663,0.000839939049910754,0.00007635809743078426,0.0009162971982732415
29550192200861,-0.00038179047987796366,-0.0005345066892914474,-0.000305432389723137
29550192207163,-0.0009926552884280682,0.00007635809743078426,-0.000305432389723137
29550192217215,0.002061668550595641,0.0001527161948615685,0.0015271619195118546
29550192220496,0.00022907429956831038,-0.00045814859913662076,-0.000305432389723137
29550192232163,-0.00038179047987796366,-0.00045814859913662076,0.0015271619195118546
29550192235444,-0.0009926552884280682,0.0001527161948615685,-0.00038179047987796366
29550194082423,-0.0016035200096666813,0.0001527161948615685,-0.0009926552884280682
29550196756017,0.000839939049910754,0.0007635809597559273,0.000839939049910754
29550198880184,-0.0009926552884280682,-0.00045814859913662076,0.00022907429956831038
29550264511902,0.000839939049910754,0.0007635809597559273,0.00022907429956831038
29550264557267,0.000839939049910754,0.0007635809597559273,0.000839939049910754
29550264563256,0.00022907429956831038,-0.00045814859913662076,-0.00038179047987796366
29550264579715,0.000839939049910754,-0.0010690133785828948,0.00022907429956831038
29550264589975,-0.00038179047987796366,0.0001527161948615685,-0.00038179047987796366
29550264598465,-0.00038179047987796366,0.0001527161948615685,0.000839939049910754
29550264606902,0.00022907429956831038,-0.00045814859913662076,-0.00038179047987796366
29550264614871,-0.00038179047987796366,0.0001527161948615685,-0.0022143847309052944
29550264625704,0.000839939049910754,0.0007635809597559273,-0.0009926552884280682
29550264633934,-0.00038179047987796366,-0.00045814859913662076,-0.0016035200096666813
29550264641954,-0.00038179047987796366,0.0001527161948615685,-0.0009926552884280682
29550264656173,0.000839939049910754,0.0001527161948615685,-0.0022143847309052944
29550264666850,-0.0009926552884280682,-0.00045814859913662076,-0.00038179047987796366
29550264680600,-0.0009926552884280682,-0.00045814859913662076,-0.00038179047987796366
29550264684246,-0.0009926552884280682,0.0013744457392022014,-0.00038179047987796366
29550264692996,-0.00038179047987796366,0.0007635809597559273,-0.00038179047987796366
29550264704663,0.00022907429956831038,0.0019853105768561363,-0.0009926552884280682
29550264711798,-0.0009926552884280682,-0.00045814859913662076,0.000839939049910754
29550264724194,0.00022907429956831038,0.0001527161948615685,-0.0016035200096666813
29550264727319,0.000839939049910754,-0.0010690133785828948,-0.00038179047987796366
29550264736225,0.000839939049910754,0.0007635809597559273,0.00022907429956831038
29550264742892,-0.0009926552884280682,0.0001527161948615685,-0.00038179047987796366
29550264752423,-0.00038179047987796366,0.0007635809597559273,-0.00038179047987796366
29550264758256,-0.0016035200096666813,-0.0010690133785828948,-0.0016035200096666813
29550264767892,-0.00038179047987796366,-0.00045814859913662076,-0.00038179047987796366
29550264774350,0.000839939049910754,-0.00045814859913662076,-0.00038179047987796366
29550264777631,0.00022907429956831038,0.0001527161948615685,0.00022907429956831038
29550265450392,0.00022907429956831038,0.0001527161948615685,-0.00038179047987796366
29550266949506,0.001450803829357028,0.0001527161948615685,-0.00038179047987796366
29550269286069,0.001450803829357028,0.0001527161948615685,-0.0022143847309052944
29550272611121,-0.00038179047987796366,0.0001527161948615685,-0.0009926552884280682
29550335693309,0.000839939049910754,-0.00045814859913662076,-0.0009926552884280682
29550335733934,-0.00038179047987796366,0.0007635809597559273,-0.00038179047987796366
29550335746225,-0.00038179047987796366,0.0001527161948615685,-0.0009926552884280682
29550335754506,-0.00038179047987796366,-0.0010690133785828948,-0.00038179047987796366
29550335762788,0.000839939049910754,0.0001527161948615685,0.00022907429956831038
29550335770288,-0.0016035200096666813,0.0007635809597559273,-0.0016035200096666813
29550335785913,-0.0016035200096666813,0.000839939049910754,0.00022907429956831038
29550335789975,-0.0016035200096666813,-0.00038179047987796366,-0.00038179047987796366
29550335798829,-0.00038179047987796366,0.000839939049910754,-0.0016035200096666813
29550335818361,0.001450803829357028,-0.0009926552884280682,-0.0022143847309052944
29550335841017,0.000839939049910754,0.00022907429956831038,-0.00038179047987796366
29550335848881,-0.0016035200096666813,-0.0009926552884280682,0.000839939049910754
29550335864871,-0.0009926552884280682,-0.00038179047987796366,-0.00038179047987796366
29550335881538,-0.0016035200096666813,0.000839939049910754,-0.0009926552884280682
29550335912059,-0.00038179047987796366,0.00022907429956831038,-0.0009926552884280682
29550335919871,0.001450803829357028,0.00022907429956831038,-0.00038179047987796366
29550335936538,0.00022907429956831038,0.00022907429956831038,-0.000305432389723137
29550335950131,0.00022907429956831038,0.00022907429956831038,-0.000305432389723137
29550335966329,0.00022907429956831038,-0.00038179047987796366,0.0009162971982732415
29550335986121,0.00022907429956831038,-0.0009926552884280682,0.000305432389723137
29550336096486,0.002061668550595641,-0.0009926552884280682,-0.000305432389723137
29550336107996,-0.0022143847309052944,0.000839939049910754,-0.0021380267571657896
29550336121225,0.000839939049910754,-0.00038179047987796366,0.000305432389723137
29550336132840,-0.00038179047987796366,-0.0009926552884280682,-0.000305432389723137
29550336139715,-0.0009162971982732415,-0.00038179047987796366,-0.0021380267571657896
29550336143204,-0.000305432389723137,-0.0009926552884280682,-0.0015271619195118546
29550336782163,0.000305432389723137,0.000839939049910754,-0.0009162971982732415
29550339077475,0.000305432389723137,0.00022907429956831038,0.0009162971982732415
29550341518881,-0.000305432389723137,-0.0009926552884280682,0.0009162971982732415
29550343561746,-0.0009162971982732415,-0.00038179047987796366,0.000305432389723137
29550418404871,-0.0009162971982732415,-0.00038179047987796366,-0.0009162971982732415
29550418457423,-0.0009162971982732415,0.000839939049910754,0.000305432389723137
29550418468777,0.000305432389723137,-0.00038179047987796366,0.000305432389723137
29550418484975,-0.000305432389723137,0.001450803829357028,-0.0009162971982732415
29550418493204,-0.000305432389723137,0.000839939049910754,-0.0027488914784044027
29550418501642,0.0009162971982732415,0.00022907429956831038,-0.0009162971982732415
29550418512892,0.0015271619195118546,-0.00038179047987796366,0.0015271619195118546
29550418520913,0.000305432389723137,-0.00038179047987796366,0.0021380267571657896
29550418531277,0.0015271619195118546,-0.00038179047987796366,0.0015271619195118546
29550418535444,-0.000305432389723137,0.001450803829357028,-0.000305432389723137
29550418544871,0.000305432389723137,0.001450803829357028,-0.000305432389723137
29550418552267,0.000305432389723137,0.001450803829357028,-0.000839939049910754
29550418559923,0.000305432389723137,-0.0009926552884280682,0.00038179047987796366
29550418567058,0.0015271619195118546,-0.0016035200096666813,0.0009926552884280682
29550418578777,0.0009162971982732415,0.00022907429956831038,-0.00022907429956831038
29550418587736,0.0021380267571657896,-0.0016035200096666813,-0.00022907429956831038
29550418591433,0.0009162971982732415,-0.00038179047987796366,0.0009926552884280682
29550418603152,-0.0021380267571657896,0.000839939049910754,-0.001450803829357028
29550418613100,0.0009162971982732415,0.00022907429956831038,-0.001450803829357028
29550418616746,-0.000305432389723137,-0.0009926552884280682,0.00038179047987796366
29550418623725,-0.000305432389723137,-0.0009926552884280682,0.0009926552884280682
29550418634611,-0.000305432389723137,-0.0009926552884280682,0.00038179047987796366
29550418645027,-0.000305432389723137,0.00022907429956831038,-0.00022907429956831038
29550418648777,-0.000305432389723137,-0.00038179047987796366,-0.000839939049910754
29550418654767,0.0009162971982732415,-0.00038179047987796366,0.00038179047987796366
29550418662371,0.000305432389723137,0.000839939049910754,0.0009926552884280682
29550418669819,0.0009162971982732415,0.00022907429956831038,0.00038179047987796366
29550418679663,0.000305432389723137,-0.0009926552884280682,0.00038179047987796366
29550418689975,-0.0021380267571657896,-0.00038179047987796366,-0.000839939049910754
29550418693673,0.000305432389723137,0.00022907429956831038,0.00038179047987796366
29550418703361,-0.0009162971982732415,0.00022907429956831038,0.00038179047987796366
29550420969194,0.0015271619195118546,0.002061668550595641,-0.00022907429956831038
29550421970913,0.0009162971982732415,-0.00038179047987796366,0.0016035200096666813
29550424365079,0.000305432389723137,0.00022907429956831038,-0.00022907429956831038
29550426689871,0.0009162971982732415,-0.0009926552884280682,0.0009926552884280682
29550494183256,0.0009162971982732415,-0.00038179047987796366,0.0009926552884280682
29550494189871,0.000305432389723137,0.000839939049910754,-0.00022907429956831038
29550494205704,-0.000305432389723137,-0.00038179047987796366,-0.00022907429956831038
29550494209715,0.000305432389723137,-0.00038179047987796366,0.00038179047987796366
29550494224611,-0.0009162971982732415,-0.00038179047987796366,0.0009926552884280682
29550494228673,0.0009162971982732415,0.000839939049910754,0.0009926552884280682
29550494236642,0.000305432389723137,0.000839939049910754,-0.0001527161948615685
29550494245079,-0.0009162971982732415,0.00022907429956831038,-0.0007635809597559273
29550494258517,0.000305432389723137,0.000839939049910754,-0.0001527161948615685
29550494262163,-0.000305432389723137,0.00022907429956831038,-0.0007635809597559273
29550494274142,0.000305432389723137,0.00022907429956831038,0.00045814859913662076
29550494278256,0.000305432389723137,-0.00038179047987796366,-0.0001527161948615685
29550494285600,-0.000305432389723137,0.000839939049910754,-0.0001527161948615685
29550494296798,0.000305432389723137,-0.00038179047987796366,-0.0001527161948615685
29550494308308,0.0009162971982732415,-0.00038179047987796366,-0.0001527161948615685
29550494314611,-0.0009162971982732415,0.000839939049910754,-0.0025961752980947495
29550494318621,0.0009162971982732415,0.000839939049910754,0.00045814859913662076
29550494327475,-0.000305432389723137,0.000839939049910754,0.001679878099821508
29550494333361,-0.000305432389723137,0.00022907429956831038,-0.0007635809597559273
29550494340496,-0.0009162971982732415,0.00022907429956831038,-0.0019853105768561363
29550494347840,0.000305432389723137,0.00022907429956831038,0.00045814859913662076
29550494362683,-0.000305432389723137,0.00022907429956831038,0.0010690133785828948
29550494372892,-0.000305432389723137,0.000839939049910754,-0.0001527161948615685
29550494376590,-0.0009926552884280682,0.00022907429956831038,-0.0001527161948615685
29550494384038,-0.0016035200096666813,-0.00038179047987796366,-0.0007635809597559273
29550494392631,-0.00038179047987796366,0.000839939049910754,0.00045814859913662076
29550494399350,-0.0016035200096666813,0.000839939049910754,-0.0001527161948615685
29550494406069,-0.0016035200096666813,0.000839939049910754,-0.0007635809597559273
29550498506902,-0.0009926552884280682,-0.00038179047987796366,-0.0001527161948615685
29550501922683,0.000839939049910754,-0.00038179047987796366,0.0010690133785828948
29550501934871,-0.00038179047987796366,0.00022907429956831038,0.002901607658714056
29550502668933,0.000839939049910754,0.000839939049910754,0.00045814859913662076
29550566041694,-0.0016035200096666813,-0.00038179047987796366,-0.0013744457392022014
29550566084767,-0.0009926552884280682,0.000839939049910754,0.00045814859913662076
29550566100340,0.000839939049910754,0.001450803829357028,0.00045814859913662076
29550566108048,-0.0009926552884280682,-0.00038179047987796366,0.00045814859913662076
29550566116433,0.00022907429956831038,-0.0009926552884280682,-0.0001527161948615685
29550566122683,0.00022907429956831038,0.00022907429956831038,-0.0001527161948615685
29550566137475,-0.00038179047987796366,0.001450803829357028,0.001679878099821508
29550566141069,-0.00038179047987796366,0.00022907429956831038,0.0010690133785828948
29550566147788,0.001450803829357028,0.000839939049910754,-0.0007635809597559273
29550566155496,0.00022907429956831038,-0.0009926552884280682,-0.0001527161948615685
29550566168048,-0.00038179047987796366,-0.0016035200096666813,-0.0001527161948615685
29550566171590,-0.0009926552884280682,-0.00038179047987796366,-0.0007635809597559273
29550566181017,0.001450803829357028,0.00022907429956831038,0.00045814859913662076
29550566184923,0.000839939049910754,0.001450803829357028,-0.0001527161948615685
29550566194454,0.00022907429956831038,0.000839939049910754,-0.0001527161948615685
29550566201850,0.00022907429956831038,0.00022907429956831038,0.00045814859913662076
29550566209610,-0.0009926552884280682,-0.0009926552884280682,0.00045814859913662076
29550566221225,0.00022907429956831038,-0.00038179047987796366,0.00045814859913662076
29550566224819,0.000839939049910754,0.00022907429956831038,-0.0001527161948615685
29550566233152,-0.00038179047987796366,-0.00038179047987796366,-0.0013744457392022014
29550566239819,-0.000305432389723137,0.00022907429956831038,-0.0007635809597559273
29550566246277,0.0009162971982732415,-0.00038179047987796366,-0.0001527161948615685
29550566252631,0.000305432389723137,-0.00038179047987796366,0.00045814859913662076
29550566261642,-0.0009162971982732415,0.000839939049910754,-0.0007635809597559273
29550566268152,-0.0009162971982732415,-0.0009926552884280682,-0.0001527161948615685
29550566277788,0.0009162971982732415,-0.00038179047987796366,0.00045814859913662076
29550566827683,0.000305432389723137,0.001450803829357028,0.00045814859913662076
29550568954610,0.000305432389723137,-0.00038179047987796366,-0.0001527161948615685
29550571820183,-0.000305432389723137,-0.00038179047987796366,-0.0001527161948615685
29550573960183,-0.0009162971982732415,0.001450803829357028,-0.0007635809597559273
29550633770860,-0.0009162971982732415,0.00022907429956831038,-0.0007635809597559273
29550633789819,-0.000305432389723137,0.00022907429956831038,0.00045814859913662076
29550633795652,0.000305432389723137,-0.00038179047987796366,-0.0007635809597559273
29550633802267,-0.000305432389723137,-0.00038179047987796366,0.00045814859913662076
29550633810808,0.0021380267571657896,0.003283398225903511,-0.0001527161948615685
29550633821485,-0.000305432389723137,-0.0009926552884280682,-0.0001527161948615685
29550633829871,0.000305432389723137,0.002672533504664898,-0.0001527161948615685
29550633837423,0.0009162971982732415,-0.00045814859913662076,0.00045814859913662076
29550633845392,0.0009162971982732415,-0.0010690133785828948,0.001679878099821508
29550633852683,-0.0009162971982732415,-0.00045814859913662076,0.00045814859913662076
29550633862683,-0.000305432389723137,-0.002290742937475443,-0.0001527161948615685
29550633868725,0.0015271619195118546,0.0013744457392022014,0.0010690133785828948
29550633875548,0.000305432389723137,-0.002901607658714056,0.002290742937475443
29550633882840,0.0009162971982732415,0.0013744457392022014,0.0010690133785828948
29550633892267,-0.003359756199643016,-0.001679878099821508,-0.0019853105768561363
29550633899194,-0.0009162971982732415,0.0013744457392022014,0.00045814859913662076
29550633906017,0.000305432389723137,-0.00045814859913662076,0.00045814859913662076
29550633912683,-0.000305432389723137,-0.00045814859913662076,-0.0007635809597559273
29550633922631,0.000305432389723137,-0.00045814859913662076,0.001679878099821508
29550633928569,0.0009162971982732415,0.0001527161948615685,0.001679878099821508
29550633935183,0.0009162971982732415,-0.00045814859913662076,0.00045814859913662076
29550633947996,-0.000305432389723137,-0.0010690133785828948,-0.0007635809597559273
29550633955079,0.0009162971982732415,-0.0010690133785828948,-0.0013744457392022014
29550633964194,-0.000305432389723137,-0.00045814859913662076,-0.0001527161948615685
29550633970652,0.000305432389723137,-0.0010690133785828948,-0.0001527161948615685
29550636167735,-0.000305432389723137,-0.002290742937475443,0.001679878099821508
29550638880808,0.000305432389723137,-0.0010690133785828948,-0.0001527161948615685
29550640098413,-0.0009162971982732415,-0.001679878099821508,0.00045814859913662076
29550642755600,0.0009162971982732415,0.0019853105768561363,-0.0001527161948615685
29550699948152,-0.000305432389723137,-0.00045814859913662076,-0.0001527161948615685
29550699983725,-0.000305432389723137,-0.001679878099821508,0.00045814859913662076
29550700013829,-0.000305432389723137,0.0001527161948615685,0.0010690133785828948
29550700028100,-0.0009162971982732415,0.0025961752980947495,-0.0007635809597559273
29550700036329,0.000305432389723137,-0.00045814859913662076,0.00045814859913662076
29550700039819,-0.0009162971982732415,0.0001527161948615685,0.00045814859913662076
29550700049610,-0.000305432389723137,0.0019853105768561363,-0.0001527161948615685
29550700057006,-0.000305432389723137,-0.001679878099821508,0.00045814859913662076
29550700063829,0.000305432389723137,-0.0010690133785828948,-0.0013744457392022014
29550700071485,0.0009162971982732415,-0.001679878099821508,0.00045814859913662076
29550700090183,0.000305432389723137,-0.001679878099821508,0.0010690133785828948
29550700094298,-0.000305432389723137,-0.001679878099821508,0.0010690133785828948
29550700104923,0.000305432389723137,0.0013744457392022014,-0.0001527161948615685
29550700108256,-0.0027488914784044027,-0.0010690133785828948,-0.0007635809597559273
29550700118413,0.0015271619195118546,0.0001527161948615685,0.001679878099821508
29550700125079,0.000305432389723137,0.0001527161948615685,0.001679878099821508
29550700132058,0.000305432389723137,-0.001679878099821508,0.001679878099821508
29550700138725,0.0015271619195118546,0.0007635809597559273,-0.0001527161948615685
29550700145704,0.0009162971982732415,-0.0010690133785828948,-0.0001527161948615685
29550700154767,0.0015271619195118546,-0.00045814859913662076,0.0010690133785828948
29550700164350,0.0027488914784044027,0.0019853105768561363,0.00045814859913662076
29550700167735,-0.0015271619195118546,0.0007635809597559273,-0.0007635809597559273
29550700174975,0.000305432389723137,-0.00045814859913662076,-0.0001527161948615685
29550700184298,0.0009162971982732415,0.0025961752980947495,-0.00022907429956831038
29550702233881,-0.0009162971982732415,-0.00045814859913662076,-0.000839939049910754
29550704603829,-0.000305432389723137,0.0001527161948615685,-0.00022907429956831038
29550707031225,0.000305432389723137,-0.0077121676877141,-0.00022907429956831038
29550708889610,0.0021380267571657896,-0.002825249684974551,0.00038179047987796366
29550765669975,-0.000305432389723137,0.004505127668380737,-0.00022907429956831038
29550765682006,-0.0015271619195118546,-0.0022143847309052944,-0.001450803829357028
29550765694350,-0.000305432389723137,0.003283398225903511,-0.002672533504664898
29550765711746,0.0021380267571657896,0.001450803829357028,0.0016035200096666813
29550765715496,0.000305432389723137,0.001450803829357028,-0.001450803829357028
29550765726121,0.000305432389723137,-0.007101302966475487,0.0009926552884280682
29550765729975,0.005803215317428112,0.003894262947142124,0.0016035200096666813
29550765740131,0.003970621153712273,-0.004657844081521034,0.0034361144062131643
29550765748308,0.000305432389723137,0.000839939049910754,0.0016035200096666813
29550765754402,0.007024944759905338,0.00022907429956831038,0.006490438245236874
29550765765131,0.008246674202382565,0.006337722297757864,0.004046979360282421
29550765769350,0.0009162971982732415,0.001450803829357028,0.0016035200096666813
29550765783204,-0.003359756199643016,0.00755945174023509,-0.003283398225903511
29550765790079,-0.004581485874950886,-0.010766491293907166,-0.000839939049910754
29550765793777,-0.003970621153712273,-0.005268708802759647,-0.00022907429956831038
29550765800808,-0.000305432389723137,-0.010766491293907166,-0.00022907429956831038
29550765813725,0.003359756199643016,-0.0016035200096666813,0.0009926552884280682
29550765816902,0.0015271619195118546,0.002672533504664898,0.0022143847309052944
29550765826850,-0.003359756199643016,-0.013820815831422806,-0.001450803829357028
29550765832892,-0.0021380267571657896,0.00511599238961935,-0.00022907429956831038
29550765842371,-0.002825249684974551,0.00511599238961935,-0.003894262947142124
29550765845756,-0.0016035200096666813,-0.00038179047987796366,0.00038179047987796366
29550765855548,0.001450803829357028,0.01183550525456667,0.0022143847309052944
29550766548152,-0.004657844081521034,0.002061668550595641,-0.004505127668380737
29550768980756,-0.00038179047987796366,0.008170315995812416,-0.003283398225903511
29550771084871,-0.0034361144062131643,0.001450803829357028,-0.001450803829357028
29550773297996,-0.0009926552884280682,0.003283398225903511,0.0016035200096666813
29550830463621,0.002672533504664898,-0.02542724646627903,0.0034361144062131643
29550830511173,0.00511599238961935,0.03260490670800209,-0.002061668550595641
29550830532058,0.002061668550595641,-0.005268708802759647,0.00038179047987796366
29550830537162,0.000839939049910754,0.001450803829357028,0.0009926552884280682
29550830546537,-0.0058795735239982605,-0.004046979360282421,-0.003894262947142124
29550830555183,0.000839939049910754,-0.010155626572668552,0.0034361144062131643
29550830564298,0.00022907429956831038,0.000839939049910754,-0.000839939049910754
29550830571590,-0.004046979360282421,-0.015042545273900032,-0.002061668550595641
29550830582527,0.002061668550595641,0.011224640533328056,-0.00022907429956831038
29550830586069,-0.0009926552884280682,-0.0077121676877141,0.000305432389723137
29550830596694,-0.00038179047987796366,0.003283398225903511,0.0015271619195118546
29550830604454,0.000839939049910754,-0.0027488914784044027,0.000305432389723137
29550830613152,0.002061668550595641,0.0027488914784044027,-0.000305432389723137
29550830620027,-0.00038179047987796366,-0.0009162971982732415,0.0009162971982732415
29550830634558,0.000839939049910754,0.000305432389723137,-0.000305432389723137
29550830638204,-0.0009926552884280682,-0.003359756199643016,0.000305432389723137
29550830646590,-0.00038179047987796366,-0.000305432389723137,-0.0009162971982732415
29550830658673,0.000839939049910754,0.0027488914784044027,-0.0015271619195118546
29550830666069,-0.0009926552884280682,0.0027488914784044027,0.000305432389723137
29550830674454,-0.0009926552884280682,0.0009162971982732415,0.000305432389723137
29550830681902,0.000839939049910754,-0.0009162971982732415,-0.0009162971982732415
29550830693881,0.001450803829357028,0.000305432389723137,0.003359756199643016
29550830702110,0.001450803829357028,0.0015271619195118546,0.000305432389723137
29550830705496,-0.0022143847309052944,-0.000305432389723137,-0.0021380267571657896
29550832760340,0.001450803829357028,0.005803215317428112,-0.0015271619195118546
29550835328360,0.006948587018996477,0.013133592903614044,0.0021380267571657896
29550836909610,0.002061668550595641,0.0027488914784044027,0.003359756199643016
29550891080860,0.003894262947142124,0.003359756199643016,0.0015271619195118546
29550891094350,0.00755945174023509,0.007024944759905338,0.004581485874950886
29550891104558,0.0057268571108579636,-0.007024944759905338,0.004581485874950886
29550891113673,-0.002825249684974551,0.0021380267571657896,-0.000305432389723137
29550891129715,-0.00038179047987796366,0.008246674202382565,-0.0027488914784044027
29550891133777,-0.0034361144062131643,0.000305432389723137,-0.0021380267571657896
29550891139715,-0.0016035200096666813,-0.0009162971982732415,-0.003359756199643016
29550891147215,-0.002901607658714056,0.004581485874950886,-0.0021380267571657896
29550891157840,-0.007177661173045635,-0.0027488914784044027,-0.0021380267571657896
29550891164142,-0.002290742937475443,-0.000305432389723137,-0.003359756199643016
29550891171329,-0.004123337101191282,0.003970621153712273,-0.003359756199643016
29550891177319,0.0007635809597559273,-0.02412915788590908,0.005192350596189499
29550891185079,0.0001527161948615685,-0.004581485874950886,-0.0009162971982732415
29550891194506,-0.003512472379952669,0.007024944759905338,-0.003359756199643016
29550891201225,0.0013744457392022014,0.007635809946805239,-0.0021380267571657896
29550891210808,-0.003512472379952669,-0.003970621153712273,-0.0009162971982732415
29550891214037,-0.002290742937475443,0.011300998739898205,-0.003970621153712273
29550891226902,-0.00045814859913662076,-0.0027488914784044027,-0.0009162971982732415
29550891230340,0.0001527161948615685,0.00946840364485979,-0.0015271619195118546
29550891238517,0.0019853105768561363,0.0027488914784044027,-0.000305432389723137
29550891241746,-0.00045814859913662076,0.004581485874950886,-0.000305432389723137
29550891250652,-0.005345067009329796,-0.00946840364485979,0.0009162971982732415
29550892106798,0.0001527161948615685,0.003283398225903511,0.000305432389723137
29550894467475,-0.00045814859913662076,0.00022907429956831038,0.000305432389723137
29550897060600,-0.0010690133785828948,-0.0009926552884280682,0.000305432389723137
29550899426485,0.0013744457392022014,-0.00038179047987796366,0.0009162971982732415
29550951623048,0.0001527161948615685,0.002672533504664898,-0.000305432389723137
29550951658465,0.0007635809597559273,0.00022907429956831038,0.000305432389723137
29550951669506,-0.00045814859913662076,-0.002825249684974551,0.000305432389723137
29550951682319,0.0007635809597559273,0.003894262947142124,0.0021380267571657896
29550951689715,0.0013744457392022014,-0.0016035200096666813,-0.000305432389723137
29550951700131,-0.0010690133785828948,-0.0016035200096666813,0.000305432389723137
29550951703465,0.0001527161948615685,0.00022907429956831038,0.0015271619195118546
29550951713360,0.0001527161948615685,-0.002825249684974551,0.0009162971982732415
29550951720808,-0.001679878099821508,0.000839939049910754,0.0009162971982732415
29550951733517,-0.00045814859913662076,-0.004046979360282421,-0.000305432389723137
29550951740912,-0.002901607658714056,0.001450803829357028,-0.0015271619195118546
29550951748881,-0.002290742937475443,-0.0058795735239982605,-0.0009162971982732415
29550951758412,-0.00045814859913662076,-0.0009926552884280682,0.0021380267571657896
29550951764142,0.0001527161948615685,0.0007635809597559273,0.000305432389723137
29550951770704,0.0007635809597559273,0.0007635809597559273,0.0009162971982732415
29550951780548,-0.0010690133785828948,0.0001527161948615685,-0.000305432389723137
29550951786485,-0.00045814859913662076,-0.0010690133785828948,-0.0009162971982732415
29550951792996,-0.0010690133785828948,-0.0010690133785828948,0.000305432389723137
29550951799350,0.0001527161948615685,0.0007635809597559273,-0.000305432389723137
29550951805860,0.0013744457392022014,-0.002290742937475443,0.000305432389723137
29550951818308,0.0001527161948615685,0.0013744457392022014,0.0015271619195118546
29550951821485,0.0007635809597559273,0.0013744457392022014,0.000305432389723137
29550953819142,-0.00045814859913662076,-0.0010690133785828948,-0.0015271619195118546
29550956467423,0.0001527161948615685,0.0013744457392022014,-0.0009162971982732415
29550959238360,0.0001527161948615685,-0.0010690133785828948,-0.0009162971982732415
29551007976798,0.0007635809597559273,0.005650499369949102,-0.0015271619195118546
29551008059194,-0.0016035200096666813,-0.002901607658714056,-0.000305432389723137
29551008070131,0.000839939049910754,0.0038179049734026194,0.0009162971982732415
29551008082527,-0.0022143847309052944,-0.002901607658714056,0.000305432389723137
29551008091381,0.00022907429956831038,0.0032070400193333626,0.0009162971982732415
29551008097527,0.00022907429956831038,0.0001527161948615685,-0.000305432389723137
29551008108412,-0.00038179047987796366,0.0001527161948615685,-0.000305432389723137
29551008111798,-0.00038179047987796366,-0.00045814859913662076,0.0015271619195118546
29551008124142,-0.0016035200096666813,-0.005955931730568409,0.0009162971982732415
29551008128204,0.002672533504664898,-0.007177661173045635,0.0021380267571657896
29551008134142,0.002672533504664898,0.004428769461810589,0.0015271619195118546
29551008141589,0.00022907429956831038,-0.00045814859913662076,-0.000305432389723137
29551008151121,-0.0022143847309052944,0.0038179049734026194,-0.0015271619195118546
29551008157996,-0.002825249684974551,0.0007635809597559273,-0.0009162971982732415
29551008164350,0.00022907429956831038,-0.006566796451807022,0.0021380267571657896
29551008171069,0.001450803829357028,-0.0017562361899763346,0.0009162971982732415
29551008190704,0.002672533504664898,0.0019089524867013097,0.0009162971982732415
29551008194142,0.002672533504664898,0.0006872228696011007,0.000305432389723137
29551008204298,0.000839939049910754,-0.00847574882209301,0.0009162971982732415
29551008207527,0.002061668550595641,-0.0035888305865228176,0.003970621153712273
29551008765027,-0.0016035200096666813,0.004963276442140341,-0.003359756199643016
29551010710808,-0.00038179047987796366,0.003741546766832471,-0.0021380267571657896
29551013092058,-0.005268708802759647,0.010461059398949146,-0.005192350596189499
29551015907996,0.00022907429956831038,0.004963276442140341,0.0009162971982732415
29551017188308,0.002672533504664898,0.0006872228696011007,0.003359756199643016
29551066659298,0.00022907429956831038,0.003741546766832471,-0.0009162971982732415
29551066675756,0.001450803829357028,-0.011530072428286076,0.0015271619195118546
29551066691381,-0.00038179047987796366,0.0025198173243552446,-0.000305432389723137
29551066700756,-0.004657844081521034,0.0031306820455938578,0.000305432389723137
29551066708777,0.001450803829357028,-0.0005345066892914474,-0.0009162971982732415
29551066715964,-0.0022143847309052944,-0.0017562361899763346,-0.0021380267571657896
29551066723048,0.00022907429956831038,0.0012980876490473747,-0.0015271619195118546
29551066730235,-0.008323032408952713,-0.0011453714687377214,-0.003970621153712273
29551066748933,-0.007101302966475487,-0.004199695307761431,-0.003359756199643016
29551066752319,0.000839939049910754,-0.0035888305865228176,-0.0015271619195118546
29551066759767,-0.0022143847309052944,0.00679587060585618,-0.003359756199643016
29551066766537,-0.005268708802759647,-0.004810560029000044,0.000305432389723137
29551066779246,0.00022907429956831038,0.0012980876490473747,0.0015271619195118546
29551066786381,0.00022907429956831038,-0.004199695307761431,0.0009162971982732415
29551066789454,-0.00038179047987796366,0.003741546766832471,-0.0027488914784044027
29551066796381,-0.0016035200096666813,0.004352411720901728,0.000305432389723137
29551066804975,0.00022907429956831038,0.0031306820455938578,0.0009162971982732415
29551066811329,0.001450803829357028,0.007406735327094793,-0.0009162971982732415
29551066820964,0.0021380267571657896,-0.0005345066892914474,-0.0009162971982732415
29551066824506,-0.0027488914784044027,0.006185005884617567,-0.0015271619195118546
29551067163621,-0.0009162971982732415,0.0012980876490473747,0.000305432389723137
29551070146850,0.0021380267571657896,0.003741546766832471,0.003359756199643016
29551072911069,-0.0021380267571657896,0.0025198173243552446,-0.000305432389723137
29551074977371,0.0021380267571657896,-0.0029779658652842045,0.0015271619195118546
29551124022423,-0.0009162971982732415,-0.0023671009112149477,0.0015271619195118546
29551124064089,0.0021380267571657896,-0.0035888305865228176,0.0009162971982732415
29551124073933,-0.0027488914784044027,0.004963276442140341,-0.0015271619195118546
29551124081798,-0.003359756199643016,-0.0017562361899763346,-0.0027488914784044027
29551124089089,0.0027488914784044027,0.00007635809743078426,0.0021380267571657896
29551124102579,0.005803215317428112,0.003741546766832471,0.003359756199643016
29551124109246,-0.003970621153712273,-0.0023671009112149477,-0.0027488914784044027
29551124115339,-0.003970621153712273,0.00007635809743078426,-0.003359756199643016
29551124118725,0.000305432389723137,0.006185005884617567,-0.0015271619195118546
29551124125496,-0.003970621153712273,0.005574141163378954,-0.003283398225903511
29551124138308,-0.003359756199643016,-0.0011453714687377214,-0.001450803829357028
29551124142162,0.0015271619195118546,-0.0011453714687377214,-0.000839939049910754
29551124151069,0.0021380267571657896,-0.0023671009112149477,0.002825249684974551
29551124160652,0.0027488914784044027,0.0031306820455938578,0.00038179047987796366
29551124163725,0.00038179047987796366,0.00007635809743078426,-0.00022907429956831038
29551124175339,-0.002061668550595641,-0.004810560029000044,-0.001450803829357028
29551124181537,0.0009926552884280682,0.0006872228696011007,-0.000839939049910754
29551124188412,0.0016035200096666813,-0.0029779658652842045,0.00038179047987796366
29551124197787,-0.00022907429956831038,0.004276053514331579,-0.00022907429956831038
29551124204142,-0.000839939049910754,-0.001832594396546483,-0.000839939049910754
29551124823308,0.0016035200096666813,0.004276053514331579,-0.002061668550595641
29551127191121,-0.001450803829357028,-0.000610864779446274,-0.000839939049910754
29551128809714,0.002825249684974551,0.0054977829568088055,0.0016035200096666813
29551132054089,-0.00022907429956831038,0.0,-0.002061668550595641
29551179592162,0.00038179047987796366,0.001221729558892548,-0.000839939049910754
29551179603517,-0.000839939049910754,0.001832594396546483,-0.00022907429956831038
29551179625912,-0.000839939049910754,0.001221729558892548,0.0009926552884280682
29551179631642,-0.00022907429956831038,-0.003665188793092966,0.00038179047987796366
29551179645079,0.0009926552884280682,0.0030543238390237093,-0.001450803829357028
29551179653569,0.0016035200096666813,-0.001221729558892548,0.0016035200096666813
29551179661069,0.0016035200096666813,0.001221729558892548,0.0009926552884280682
29551179675339,0.0016035200096666813,0.001832594396546483,-0.000839939049910754
29551179682787,-0.000839939049910754,0.0,-0.000839939049910754
29551179686329,0.0010690133785828948,0.004199695307761431,0.00038179047987796366
29551179696121,-0.0013744457392022014,-0.00007635809743078426,-0.000839939049910754
29551179703256,0.0010690133785828948,-0.00007635809743078426,0.0009926552884280682
29551179710183,-0.0007635809597559273,0.0011453714687377214,0.0009926552884280682
29551179717110,-0.0025961752980947495,0.0011453714687377214,-0.001450803829357028
29551179723933,-0.0001527161948615685,-0.00007635809743078426,-0.000839939049910754
29551179733256,0.0010690133785828948,0.0005345066892914474,-0.00022907429956831038
29551179743621,-0.0001527161948615685,0.0005345066892914474,0.0009926552884280682
29551179749767,-0.0007635809597559273,0.0005345066892914474,-0.000839939049910754
29551179753152,-0.0013744457392022014,0.0023671009112149477,-0.000839939049910754
29551179763100,0.00045814859913662076,0.0023671009112149477,0.0010690133785828948
29551181753933,0.00045814859913662076,0.0035888305865228176,0.00045814859913662076
29551184416746,0.002290742937475443,-0.00007635809743078426,-0.0007635809597559273
29551186712787,0.002901607658714056,0.0005345066892914474,-0.0001527161948615685
