23742877065993,-0.0005345066892914474,0.0019089524867013097,-0.001450803829357028
23742877086618,0.00007635809743078426,-0.0011453714687377214,-0.00022907429956831038
23742877091513,-0.0005345066892914474,-0.0005345066892914474,-0.00022907429956831038
23742877107920,0.0006872228696011007,0.00007635809743078426,-0.001450803829357028
23742877111409,0.00007635809743078426,-0.0005345066892914474,-0.00022907429956831038
23742877114378,0.0006872228696011007,-0.0005345066892914474,0.00038179047987796366
23742877119691,0.00007635809743078426,0.0012980876490473747,0.0009926552884280682
23742877129951,0.0031306820455938578,0.0012980876490473747,0.0022143847309052944
23742877133441,-0.0023671009112149477,-0.0017562361899763346,-0.00022907429956831038
23742877146253,-0.0005345066892914474,0.00007635809743078426,-0.000839939049910754
23742877153388,0.0025198173243552446,0.00007635809743078426,0.00038179047987796366
23742877160524,-0.0005345066892914474,-0.0011453714687377214,-0.00022907429956831038
23742877171409,0.00007635809743078426,-0.0005345066892914474,-0.000839939049910754
23742877172920,0.00007635809743078426,-0.0017562361899763346,0.0016035200096666813
23742877179847,0.0006872228696011007,-0.0005345066892914474,0.0016035200096666813
23742877183232,0.0012980876490473747,0.00007635809743078426,0.0009926552884280682
23742877195003,-0.0005345066892914474,-0.0029779658652842045,0.00038179047987796366
23742877207451,0.00007635809743078426,-0.0005345066892914474,0.00038179047987796366
23742877213493,0.00007635809743078426,-0.0005345066892914474,-0.00022907429956831038
23742877218076,0.0006872228696011007,0.00007635809743078426,0.00038179047987796366
23742877222138,0.0006872228696011007,-0.0017562361899763346,0.0016035200096666813
23742877233805,0.00007635809743078426,0.0012980876490473747,-0.00022907429956831038
23742877236409,0.0006872228696011007,0.0012980876490473747,0.0009926552884280682
23742877241513,-0.0017562361899763346,0.0012980876490473747,0.0016035200096666813
23742877246513,0.0012980876490473747,-0.0023671009112149477,0.0016035200096666813
23742877248857,0.0012980876490473747,0.00007635809743078426,-0.000839939049910754
23742877258649,0.00007635809743078426,0.0019089524867013097,0.00038179047987796366
23742877261566,0.0006872228696011007,-0.0005345066892914474,-0.00022907429956831038
23742877268284,0.0006872228696011007,0.0006872228696011007,-0.00022907429956831038
23742877278128,0.00007635809743078426,0.0006872228696011007,0.00038179047987796366
23742877280472,-0.0005345066892914474,-0.0005345066892914474,0.00038179047987796366
23742877289534,0.0025198173243552446,0.0012980876490473747,0.00038179047987796366
23742877292347,-0.0017562361899763346,0.0025198173243552446,-0.000839939049910754
23742877299899,0.00007635809743078426,-0.0011453714687377214,0.00038179047987796366
23742877305003,0.00007635809743078426,-0.0011453714687377214,-0.001450803829357028
23742878948857,-0.0023671009112149477,-0.0017562361899763346,-0.002061668550595641
23742878955888,0.00007635809743078426,0.0006872228696011007,0.00038179047987796366
23742885007138,0.00007635809743078426,0.0006872228696011007,-0.000839939049910754
23742885118701,0.00007635809743078426,0.00007635809743078426,-0.001450803829357028
23742885621461,-0.0005345066892914474,-0.0011453714687377214,-0.00022907429956831038
23742973325940,0.00007635809743078426,0.0006872228696011007,0.0009926552884280682
23742973388284,0.00007635809743078426,-0.0017562361899763346,0.0022143847309052944
23742973396357,-0.0005345066892914474,0.0006872228696011007,-0.000839939049910754
23742973403701,0.00007635809743078426,-0.0011453714687377214,0.00038179047987796366
23742973411774,0.0006872228696011007,-0.0017562361899763346,0.0016035200096666813
23742973420732,-0.0005345066892914474,-0.0010690133785828948,-0.00022907429956831038
23742973433545,0.0012980876490473747,-0.00045814859913662076,-0.00022907429956831038
23742973436513,0.0012980876490473747,0.0019853105768561363,-0.00022907429956831038
23742973439378,0.0012980876490473747,0.0007635809597559273,0.000305432389723137
23742973445003,0.0012980876490473747,0.0001527161948615685,-0.000305432389723137
23742973453440,0.00007635809743078426,-0.00045814859913662076,-0.000305432389723137
23742973459430,-0.0005345066892914474,0.0001527161948615685,0.0009162971982732415
23742973462243,0.0006872228696011007,-0.002901607658714056,-0.0009162971982732415
23742973468909,-0.0005345066892914474,0.0019853105768561363,0.0009162971982732415
23742973483336,0.00007635809743078426,-0.0010690133785828948,0.0009162971982732415
23742973486409,0.0012980876490473747,-0.0010690133785828948,0.000305432389723137
23742973498284,0.0019089524867013097,0.0025961752980947495,0.0009162971982732415
23742973503180,0.0006872228696011007,-0.0010690133785828948,0.0015271619195118546
23742973509899,0.0025198173243552446,0.0025961752980947495,0.000305432389723137
23742973515368,0.00007635809743078426,-0.00045814859913662076,-0.000305432389723137
23742973521149,0.00007635809743078426,0.0025961752980947495,0.000305432389723137
23742973529274,-0.0017562361899763346,-0.00045814859913662076,-0.000305432389723137
23742973532295,0.0012980876490473747,0.0019853105768561363,0.000305432389723137
23742973537659,-0.0005345066892914474,-0.00045814859913662076,-0.0021380267571657896
23742973542763,0.000610864779446274,-0.00045814859913662076,-0.000305432389723137
23742973548076,0.000610864779446274,-0.0010690133785828948,0.0009162971982732415
23742973556930,-0.001221729558892548,-0.0010690133785828948,0.000305432389723137
23742973562399,-0.000610864779446274,0.0013744457392022014,0.0009162971982732415
23742973570888,0.000610864779446274,-0.00045814859913662076,-0.0009162971982732415
23742973572347,0.0,0.0007635809597559273,-0.0009162971982732415
23742973576565,0.001221729558892548,0.0001527161948615685,0.000305432389723137
23742973579326,0.000610864779446274,0.0001527161948615685,0.000305432389723137
23742973585836,0.000610864779446274,-0.001679878099821508,-0.0009162971982732415
23742973590836,0.0,0.0007635809597559273,-0.000305432389723137
23742973596149,-0.000610864779446274,0.0001527161948615685,0.000305432389723137
23742974746774,0.000610864779446274,0.0007635809597559273,0.000305432389723137
23742975004847,-0.000610864779446274,-0.002901607658714056,-0.000305432389723137
23742975715524,0.0,0.0001527161948615685,0.000305432389723137
23742978140628,0.0,-0.00045814859913662076,0.0009162971982732415
23743074525211,-0.000610864779446274,0.0007635809597559273,-0.000305432389723137
23743074541565,-0.001221729558892548,0.0013744457392022014,-0.0009162971982732415
23743074555003,0.001221729558892548,0.0007635809597559273,0.000305432389723137
23743074558284,0.001221729558892548,0.0001527161948615685,0.0009162971982732415
23743074563284,0.001221729558892548,-0.00045814859913662076,-0.000305432389723137
23743074576357,0.0,0.0007635809597559273,-0.0009162971982732415
23743074579899,-0.000610864779446274,-0.0010690133785828948,0.000305432389723137
23743074584638,0.0,0.0001527161948615685,-0.000305432389723137
23743074592086,-0.001832594396546483,0.0007635809597559273,0.0009162971982732415
23743074604013,-0.001832594396546483,0.0001527161948615685,-0.0009162971982732415
23743074607086,-0.000610864779446274,-0.0010690133785828948,0.0009162971982732415
23743074611722,0.000610864779446274,0.0007635809597559273,-0.000305432389723137
23743074618649,0.0,-0.0010690133785828948,0.000305432389723137
23743074634013,0.000610864779446274,0.0001527161948615685,0.0009162971982732415
23743074643180,0.001221729558892548,0.0007635809597559273,-0.000305432389723137
23743074646826,0.000610864779446274,0.0007635809597559273,0.0009162971982732415
23743074651253,0.0,0.0001527161948615685,0.000305432389723137
23743074661461,0.000610864779446274,-0.00045814859913662076,0.0009162971982732415
23743074667086,-0.000610864779446274,-0.0010690133785828948,0.0015271619195118546
23743074673024,0.0,0.0007635809597559273,0.000305432389723137
23743074675628,-0.000610864779446274,-0.00045814859913662076,-0.0009162971982732415
23743074686670,-0.000610864779446274,0.0001527161948615685,0.000305432389723137
23743074689430,0.0,0.0013744457392022014,-0.0009162971982732415
23743074697607,-0.000610864779446274,0.0001527161948615685,0.000305432389723137
23743074703336,-0.001832594396546483,-0.001679878099821508,-0.000305432389723137
23743074706097,-0.000610864779446274,0.0013744457392022014,-0.0009162971982732415
23743074710211,0.0,0.0007635809597559273,0.000305432389723137
23743074715784,0.001832594396546483,-0.001679878099821508,-0.0009162971982732415
23743074723753,0.000610864779446274,0.0013744457392022014,0.0009162971982732415
23743074726201,-0.001221729558892548,0.0001527161948615685,-0.0009162971982732415
23743074741045,0.000610864779446274,0.0007635809597559273,-0.0009162971982732415
23743074743753,-0.001221729558892548,-0.00045814859913662076,0.0009162971982732415
23743074755263,-0.001221729558892548,0.0001527161948615685,0.000305432389723137
23743074758024,0.0,-0.0010690133785828948,0.0009162971982732415
23743074768597,0.001221729558892548,0.0013744457392022014,-0.000305432389723137
23743074771357,-0.001832594396546483,-0.00045814859913662076,-0.0009162971982732415
23743074774118,-0.001832594396546483,-0.0010690133785828948,-0.000305432389723137
23743074776982,0.0,-0.0010690133785828948,0.0015271619195118546
23743074787347,-0.000610864779446274,0.0007635809597559273,-0.000305432389723137
23743074793024,0.0,0.0007635809597559273,-0.0009162971982732415
23743075544586,0.000610864779446274,-0.00045814859913662076,-0.000305432389723137
23743077675211,0.0,0.0001527161948615685,0.000305432389723137
23743082258597,0.000610864779446274,-0.00045814859913662076,-0.000305432389723137
23743083599951,-0.0012980876490473747,0.0001527161948615685,-0.0009162971982732415
23743184496097,-0.0012980876490473747,-0.0010690133785828948,-0.0009162971982732415
23743184512711,-0.0006872228696011007,0.0001527161948615685,-0.000305432389723137
23743184517451,-0.0006872228696011007,-0.00045814859913662076,0.000305432389723137
23743184526930,0.001221729558892548,0.0001527161948615685,-0.000305432389723137
23743184538128,0.0,-0.0010690133785828948,-0.0015271619195118546
23743184541149,0.0,-0.00045814859913662076,-0.000305432389723137
23743184547295,0.001221729558892548,0.0001527161948615685,0.000305432389723137
23743184556149,-0.000610864779446274,0.0007635809597559273,-0.0009162971982732415
23743184562295,-0.000610864779446274,0.0007635809597559273,0.000305432389723137
23743184569951,0.0,0.0001527161948615685,0.000305432389723137
23743184581357,0.0,0.0001527161948615685,0.000305432389723137
23743184591045,0.0,-0.00045814859913662076,-0.000305432389723137
23743184596513,0.0,0.0019853105768561363,0.000305432389723137
23743184599274,0.0,0.0013744457392022014,0.0009162971982732415
23743184605576,0.000610864779446274,0.0007635809597559273,0.0009162971982732415
23743184613336,-0.000610864779446274,-0.0010690133785828948,0.0015271619195118546
23743184625420,-0.000610864779446274,0.0007635809597559273,-0.0009162971982732415
23743184630420,0.0,0.0001527161948615685,0.0009162971982732415
23743184634795,0.000610864779446274,0.0001527161948615685,0.000305432389723137
23743184637659,0.000610864779446274,0.0013744457392022014,-0.000305432389723137
23743184646409,0.001221729558892548,-0.0010690133785828948,0.0015271619195118546
23743184654170,0.001832594396546483,-0.0010690133785828948,0.000305432389723137
23743184659378,-0.000610864779446274,-0.00045814859913662076,-0.0009162971982732415
23743184662295,0.000610864779446274,0.0001527161948615685,0.0009162971982732415
23743184672607,0.002443459117785096,0.0007635809597559273,0.0021380267571657896
23743184681201,-0.001221729558892548,0.0001527161948615685,-0.000305432389723137
23743184687451,0.000610864779446274,-0.00045814859913662076,-0.000305432389723137
23743184690420,0.001832594396546483,0.0001527161948615685,-0.0015271619195118546
23743184701618,0.000610864779446274,0.0001527161948615685,0.0009162971982732415
23743184706201,-0.000610864779446274,-0.0010690133785828948,0.0021380267571657896
23743184713128,0.001221729558892548,0.0007635809597559273,0.0015271619195118546
23743184715993,0.0,0.0001527161948615685,-0.000305432389723137
23743184725576,0.000610864779446274,0.0007635809597559273,0.0009162971982732415
23743184730003,0.001221729558892548,0.0007635809597559273,0.0009162971982732415
23743184732868,0.001221729558892548,0.0007635809597559273,0.0009162971982732415
23743184737243,0.000610864779446274,-0.00045814859913662076,0.0009162971982732415
23743184741513,0.000610864779446274,-0.00045814859913662076,-0.000305432389723137
23743184750055,-0.001221729558892548,-0.001679878099821508,-0.0009162971982732415
23743184755628,-0.001832594396546483,0.0001527161948615685,-0.0009162971982732415
23743184759899,-0.000610864779446274,-0.0010690133785828948,-0.0021380267571657896
23743184765211,-0.000610864779446274,0.0007635809597559273,-0.000305432389723137
23743184773024,0.000610864779446274,-0.0010690133785828948,0.000305432389723137
23743186335940,0.000610864779446274,0.0013744457392022014,0.0009162971982732415
23743187477763,0.001221729558892548,0.0013744457392022014,0.000305432389723137
23743190091305,-0.000610864779446274,0.0001527161948615685,-0.000305432389723137
23743192369795,0.0,0.0001527161948615685,0.0009162971982732415
23743296782763,0.0,0.0007635809597559273,0.0009162971982732415
23743296832138,-0.000610864779446274,0.0001527161948615685,0.000305432389723137
23743296844430,0.001221729558892548,0.0019853105768561363,-0.0009926552884280682
23743296860159,-0.000610864779446274,0.0001527161948615685,0.00022907429956831038
23743296865784,-0.001221729558892548,0.0013744457392022014,0.00022907429956831038
23743296871097,-0.000610864779446274,0.0013744457392022014,-0.00038179047987796366
23743296874274,0.000610864779446274,0.0001527161948615685,0.000839939049910754
23743296885211,0.0,0.0013744457392022014,0.001450803829357028
23743296892190,0.000610864779446274,0.0001527161948615685,0.00022907429956831038
23743296898492,0.001221729558892548,0.0007635809597559273,-0.00038179047987796366
23743296903388,0.0,0.0001527161948615685,-0.00038179047987796366
23743296914847,0.001221729558892548,-0.0010690133785828948,-0.00038179047987796366
23743296921461,0.0,0.0001527161948615685,-0.0009926552884280682
23743296928180,0.0,0.0013744457392022014,0.000839939049910754
23743296938649,-0.000610864779446274,0.0001527161948615685,0.000839939049910754
23743296941878,0.001221729558892548,-0.00045814859913662076,0.000839939049910754
23743296954378,-0.001832594396546483,0.0007635809597559273,-0.0009926552884280682
23743296958024,-0.000610864779446274,-0.00045814859913662076,-0.00038179047987796366
23743296964899,0.000610864779446274,-0.00045814859913662076,0.001450803829357028
23743296971670,0.0011453714687377214,-0.001679878099821508,0.00022907429956831038
23743296988701,0.0005345066892914474,-0.0017562361899763346,0.000839939049910754
23743296996565,0.0005345066892914474,0.0006872228696011007,0.000839939049910754
23743297002451,-0.00007635809743078426,0.0006872228696011007,0.000839939049910754
23743297010159,-0.0006872228696011007,-0.0005345066892914474,0.000839939049910754
23743297018909,-0.0006872228696011007,0.00007635809743078426,0.001450803829357028
23743297030315,0.0005345066892914474,-0.0005345066892914474,0.000839939049910754
23743297036982,0.0011453714687377214,0.0012980876490473747,0.00022907429956831038
23743297041565,0.0011453714687377214,0.0012980876490473747,0.000839939049910754
23743297050940,0.0011453714687377214,0.0006872228696011007,0.000839939049910754
23743297054222,-0.00007635809743078426,0.0006872228696011007,-0.0016035200096666813
23743297057242,0.0005345066892914474,0.0006872228696011007,0.001450803829357028
23743297070576,0.0005345066892914474,-0.0005345066892914474,0.00022907429956831038
23743297080524,-0.00007635809743078426,0.00007635809743078426,-0.00038179047987796366
23743297082034,-0.0006872228696011007,0.00007635809743078426,-0.0022143847309052944
23743297090836,-0.0006872228696011007,-0.0005345066892914474,-0.0009926552884280682
23743297095524,-0.0006872228696011007,0.00007635809743078426,-0.00038179047987796366
23743297101617,-0.0012980876490473747,-0.0011453714687377214,0.00022907429956831038
23743297124430,0.0005345066892914474,0.0006872228696011007,0.00022907429956831038
23743297127607,-0.0012980876490473747,0.0006872228696011007,-0.00038179047987796366
23743297136253,-0.00007635809743078426,0.0006872228696011007,-0.00038179047987796366
23743297141722,0.0011453714687377214,0.0006872228696011007,0.000839939049910754
23743297149430,-0.0012980876490473747,-0.0005345066892914474,0.000839939049910754
23743297152138,-0.00007635809743078426,0.00007635809743078426,0.001450803829357028
23743297157451,-0.0012980876490473747,0.00007635809743078426,0.00022907429956831038
23743306261826,-0.0006872228696011007,-0.0017562361899763346,0.000839939049910754
23743306273284,-0.0012980876490473747,0.0006872228696011007,-0.0009926552884280682
23743306278909,0.0005345066892914474,-0.0005345066892914474,-0.0009926552884280682
23743306285680,0.0011453714687377214,-0.0011453714687377214,0.00022907429956831038
23743414944274,0.0017562361899763346,-0.0005345066892914474,-0.0009926552884280682
23743414991774,-0.00007635809743078426,-0.0005345066892914474,-0.0016035200096666813
23743415000732,0.0005345066892914474,0.00007635809743078426,0.00022907429956831038
23743415008909,0.0011453714687377214,0.0006872228696011007,-0.00038179047987796366
23743415012347,-0.0006872228696011007,0.0006872228696011007,0.000839939049910754
23743415020784,0.0005345066892914474,0.0006872228696011007,-0.00045814859913662076
23743415029169,-0.00007635809743078426,-0.0005345066892914474,-0.00045814859913662076
23743415037711,-0.0019089524867013097,-0.0005345066892914474,-0.0010690133785828948
23743415044065,-0.00007635809743078426,0.00007635809743078426,0.0007635809597559273
23743415046826,-0.00007635809743078426,0.00007635809743078426,0.0001527161948615685
23743415055315,-0.00007635809743078426,0.00007635809743078426,-0.001679878099821508
23743415064065,-0.0006872228696011007,-0.0011453714687377214,0.0001527161948615685
23743415074430,0.0011453714687377214,0.0012980876490473747,0.0001527161948615685
23743415081305,-0.0012980876490473747,0.00007635809743078426,0.0001527161948615685
23743415086565,-0.0006872228696011007,-0.0011453714687377214,-0.00045814859913662076
23743415094117,-0.00007635809743078426,0.0006872228696011007,-0.002290742937475443
23743415098492,-0.0006872228696011007,0.00007635809743078426,-0.001679878099821508
23743415105628,-0.0012980876490473747,0.0006872228696011007,0.0001527161948615685
23743415119117,0.0005345066892914474,0.00007635809743078426,0.0001527161948615685
23743415122347,-0.0006872228696011007,0.0006872228696011007,0.0001527161948615685
23743415125524,0.0005345066892914474,-0.0011453714687377214,0.0001527161948615685
23743415131461,0.0011453714687377214,0.0006872228696011007,0.0001527161948615685
23743415143753,-0.00007635809743078426,0.00007635809743078426,0.0007635809597559273
23743415153440,-0.0006872228696011007,0.00007635809743078426,-0.00045814859913662076
23743415156513,-0.0019089524867013097,-0.0011453714687377214,-0.00045814859913662076
23743415164430,-0.0006872228696011007,-0.0005345066892914474,-0.00045814859913662076
23743415167294,-0.0006872228696011007,0.00007635809743078426,0.0001527161948615685
23743415176878,-0.0012980876490473747,-0.0005345066892914474,-0.00045814859913662076
23743415182607,-0.0006872228696011007,-0.0005345066892914474,0.0007635809597559273
23743415191201,-0.00007635809743078426,-0.0005345066892914474,0.0013744457392022014
23743415194117,0.0017562361899763346,0.0019089524867013097,0.0007635809597559273
23743415202815,0.0005345066892914474,-0.0011453714687377214,-0.0010690133785828948
23743415211826,0.0011453714687377214,0.00007635809743078426,0.0013744457392022014
23743415214690,-0.00007635809743078426,-0.0011453714687377214,0.0001527161948615685
23743415220524,-0.00007635809743078426,-0.0017562361899763346,0.0007635809597559273
23743415233492,0.0005345066892914474,-0.0017562361899763346,0.0007635809597559273
23743415240211,-0.0012980876490473747,0.0012980876490473747,0.0001527161948615685
23743415243544,0.0011453714687377214,-0.004810560029000044,0.0013744457392022014
23743415247659,0.0017562361899763346,0.00007635809743078426,0.0013744457392022014
23743415255472,0.0011453714687377214,-0.0005345066892914474,0.0007635809597559273
23743415260524,0.0005345066892914474,-0.0017562361899763346,0.0007635809597559273
23743415267034,-0.0006872228696011007,-0.0017562361899763346,0.0007635809597559273
23743415272242,-0.0006872228696011007,-0.0011453714687377214,-0.0010690133785828948
23743415275003,0.0005345066892914474,-0.0005345066892914474,0.0001527161948615685
23743415281617,-0.0006872228696011007,-0.0035888305865228176,-0.00045814859913662076
23743415288544,-0.0019089524867013097,0.0025198173243552446,-0.0010690133785828948
23743418443284,-0.0031306820455938578,-0.007864884100854397,-0.002901607658714056
23743420197242,0.0005345066892914474,0.00007635809743078426,0.0007635809597559273
23743422682451,0.0011453714687377214,0.0031306820455938578,0.0007635809597559273
23743528875680,-0.0006872228696011007,0.0019089524867013097,-0.00045814859913662076
23743528929326,-0.0019089524867013097,-0.0005345066892914474,0.0001527161948615685
23743528938440,-0.00007635809743078426,-0.0023671009112149477,0.0013744457392022014
23743528943597,-0.0006872228696011007,-0.0017562361899763346,0.0001527161948615685
23743528956565,0.0017562361899763346,0.00007635809743078426,0.0001527161948615685
23743528963232,0.0005345066892914474,0.0019089524867013097,-0.0010690133785828948
23743528970107,0.0011453714687377214,0.0006872228696011007,-0.0010690133785828948
23743528984274,0.0005345066892914474,0.004352411720901728,0.0001527161948615685
23743528987399,0.0023671009112149477,0.00007635809743078426,0.0007635809597559273
23743529001722,-0.0012980876490473747,0.0025198173243552446,-0.0010690133785828948
23743529006305,0.0005345066892914474,0.0012980876490473747,0.0007635809597559273
23743529019065,-0.0025198173243552446,0.0006872228696011007,-0.001679878099821508
23743529022190,-0.0025198173243552446,0.0006872228696011007,-0.0010690133785828948
23743529029586,0.0011453714687377214,0.00007635809743078426,0.0013744457392022014
23743529032919,-0.0006872228696011007,-0.0005345066892914474,-0.0010690133785828948
23743529038649,-0.0006872228696011007,0.003741546766832471,-0.00045814859913662076
23743529044274,-0.0012980876490473747,0.0012980876490473747,-0.0010690133785828948
23743529057659,0.0005345066892914474,-0.0017562361899763346,0.0001527161948615685
23743529060628,-0.0012980876490473747,-0.0011453714687377214,0.0001527161948615685
23743529063701,0.0005345066892914474,-0.004199695307761431,0.0019853105768561363
23743529072242,0.0023671009112149477,0.003741546766832471,0.0013744457392022014
23743529077138,-0.0006872228696011007,0.0006872228696011007,-0.001679878099821508
23743529083753,-0.0012980876490473747,-0.0011453714687377214,0.0001527161948615685
23743529090888,0.0017562361899763346,-0.0005345066892914474,0.0007635809597559273
23743529098076,-0.00007635809743078426,-0.0005345066892914474,0.0007635809597559273
23743529105680,-0.00007635809743078426,0.00007635809743078426,-0.00045814859913662076
23743529108336,-0.0006872228696011007,0.00007635809743078426,-0.0010690133785828948
23743529113492,-0.00007635809743078426,-0.0035888305865228176,-0.001679878099821508
23743529118961,0.0011453714687377214,0.0013744457392022014,0.0001527161948615685
23743529126722,0.0011453714687377214,0.004428769461810589,-0.00045814859913662076
23743529131044,-0.00007635809743078426,-0.001679878099821508,0.0007635809597559273
23743529136565,0.0023671009112149477,0.0038179049734026194,0.0007635809597559273
23743529150263,0.0017562361899763346,0.0007635809597559273,0.0001527161948615685
23743529153076,-0.0012980876490473747,-0.004734201822429895,0.0001527161948615685
23743529155680,0.0011453714687377214,0.006872228812426329,0.0001527161948615685
23743529161461,-0.00007635809743078426,-0.002901607658714056,0.0001527161948615685
23743529179117,-0.00007635809743078426,-0.0010690133785828948,0.0001527161948615685
23743529183336,-0.00007635809743078426,0.0025961752980947495,0.0013744457392022014
23743529185992,0.0005345066892914474,0.0025961752980947495,0.0007635809597559273
23743529191201,-0.0031306820455938578,-0.004734201822429895,0.0001527161948615685
23743529199013,-0.0006872228696011007,0.0025961752980947495,-0.0010690133785828948
23743529208284,0.0005345066892914474,0.0001527161948615685,0.0001527161948615685
23743529210784,0.0005345066892914474,-0.004123337101191282,0.0001527161948615685
23743530798857,0.0011453714687377214,0.004428769461810589,0.0007635809597559273
23743530913180,-0.00007635809743078426,-0.00045814859913662076,0.0001527161948615685
23743535206669,-0.0012980876490473747,-0.004123337101191282,0.0019853105768561363
23743535380419,0.0023671009112149477,0.0032070400193333626,0.0001527161948615685
23743638198805,0.0005345066892914474,-0.00045814859913662076,0.0013744457392022014
23743638240211,-0.0006872228696011007,-0.002290742937475443,0.0007635809597559273
23743638256826,-0.00007635809743078426,0.004428769461810589,-0.0010690133785828948
23743638259794,-0.00007635809743078426,0.0007635809597559273,-0.0010690133785828948
23743638266930,-0.0025198173243552446,0.0001527161948615685,-0.00045814859913662076
23743638271982,0.0011453714687377214,-0.0010690133785828948,0.0007635809597559273
23743638278961,-0.0006872228696011007,0.0019853105768561363,-0.00045814859913662076
23743638284274,-0.0025198173243552446,0.0001527161948615685,-0.002901607658714056
23743638293961,0.0023671009112149477,0.0007635809597559273,-0.0010690133785828948
23743638296982,-0.0012980876490473747,0.0025961752980947495,-0.00045814859913662076
23743638305940,0.0029779658652842045,0.0001527161948615685,0.0019853105768561363
23743638310680,0.0011453714687377214,-0.005955931730568409,0.0001527161948615685
23743638316878,-0.0019089524867013097,0.0032070400193333626,-0.00045814859913662076
23743638322867,0.0023671009112149477,0.0001527161948615685,0.0007635809597559273
23743638332607,-0.0025198173243552446,-0.003512472379952669,0.0001527161948615685
23743638342711,0.0005345066892914474,0.005650499369949102,-0.00045814859913662076
23743638345940,0.0017562361899763346,-0.00045814859913662076,0.0001527161948615685
23743638349274,-0.0012980876490473747,-0.001679878099821508,0.0013744457392022014
23743638353857,-0.00007635809743078426,0.0025961752980947495,0.0001527161948615685
23743638370211,0.0023671009112149477,-0.0010690133785828948,-0.00045814859913662076
23743638373440,-0.004352411720901728,-0.0035888305865228176,-0.00045814859913662076
23743638381565,-0.0006872228696011007,0.00007635809743078426,0.0007635809597559273
23743638387451,0.00603228947147727,0.0012980876490473747,-0.0010690133785828948
23743638397607,-0.003741546766832471,-0.0017562361899763346,-0.00045814859913662076
23743638404482,0.0011453714687377214,-0.0023671009112149477,-0.00045814859913662076
23743638410940,0.0005345066892914474,-0.0011453714687377214,0.0013744457392022014
23743638414117,0.0029779658652842045,0.0031306820455938578,0.0013744457392022014
23743638427919,-0.0025198173243552446,-0.00847574882209301,0.0007635809597559273
23743638430940,0.0029779658652842045,0.008628465235233307,-0.00045814859913662076
23743638433649,-0.0012980876490473747,-0.0029779658652842045,0.0007635809597559273
23743638440003,-0.0006872228696011007,0.0006872228696011007,-0.00045814859913662076
23743638444794,-0.0019089524867013097,-0.0029779658652842045,0.0001527161948615685
23743638453180,0.005421424750238657,0.00679587060585618,0.0001527161948615685
23743638465628,-0.006185005884617567,-0.01030834298580885,-0.0010690133785828948
23743638468336,0.004810560029000044,0.007406735327094793,0.0001527161948615685
23743638476096,-0.0019089524867013097,-0.00603228947147727,-0.001679878099821508
23743638480315,0.0011453714687377214,0.005574141163378954,-0.0010690133785828948
23743638484742,0.0029779658652842045,-0.005421424750238657,0.0007635809597559273
23743638496513,0.0011453714687377214,0.006185005884617567,0.0025961752980947495
23743638499534,0.0029779658652842045,0.0025198173243552446,0.0019853105768561363
23743638504951,-0.005574141163378954,-0.007254019379615784,-0.001679878099821508
23743638513336,0.004810560029000044,0.01107192412018776,-0.00045814859913662076
23743638518649,-0.0019089524867013097,-0.009086613543331623,0.0001527161948615685
23743638523753,0.0011453714687377214,0.009850194677710533,-0.0010690133785828948
23743643997555,-0.0025198173243552446,-0.009697478264570236,-0.00045814859913662076
23743644029274,-0.0006872228696011007,0.009850194677710533,-0.0010690133785828948
23743645479482,-0.0006872228696011007,-0.011530072428286076,0.0001527161948615685
23743753305524,0.0005345066892914474,0.00923932995647192,0.0001527161948615685
23743753353076,0.004810560029000044,-0.0029779658652842045,0.0007635809597559273
23743753361878,-0.0025198173243552446,0.0006872228696011007,0.0007635809597559273
23743753372451,-0.0019089524867013097,-0.0005345066892914474,-0.00045814859913662076
23743753377763,0.0017562361899763346,-0.0017562361899763346,0.0001527161948615685
23743753384326,-0.0019089524867013097,0.00007635809743078426,-0.0010690133785828948
23743753397034,0.0017562361899763346,-0.007254019379615784,-0.0010690133785828948
23743753401669,0.0005345066892914474,0.004963276442140341,-0.00045814859913662076
23743753410940,-0.0019089524867013097,-0.004810560029000044,-0.00045814859913662076
23743753414274,0.0011453714687377214,0.0006872228696011007,0.0001527161948615685
23743753422919,-0.0006872228696011007,-0.0011453714687377214,-0.001679878099821508
23743753430524,0.0005345066892914474,0.005574141163378954,-0.0010690133785828948
23743753438753,-0.00007635809743078426,-0.0023671009112149477,0.0007635809597559273
23743753445315,-0.0019089524867013097,0.00007635809743078426,-0.0010690133785828948
23743753455471,-0.0012980876490473747,0.004352411720901728,-0.002290742937475443
23743753459013,0.0005345066892914474,-0.0017562361899763346,-0.0010690133785828948
23743753465888,-0.0025198173243552446,0.00007635809743078426,-0.00045814859913662076
23743753469117,0.0023671009112149477,-0.0017562361899763346,0.0001527161948615685
23743753475263,-0.00007635809743078426,0.0012980876490473747,-0.00045814859913662076
23743753487867,-0.0031306820455938578,-0.004199695307761431,-0.00045814859913662076
23743753493649,0.004199695307761431,0.0012980876490473747,0.0013744457392022014
23743753496357,-0.00007635809743078426,0.004963276442140341,0.0013744457392022014
23743753505263,-0.0006872228696011007,-0.0017562361899763346,0.0007635809597559273
23743753513596,0.0005345066892914474,0.0006872228696011007,0.0007635809597559273
23743753519430,-0.00007635809743078426,0.0019089524867013097,0.0001527161948615685
23743753528284,-0.0019089524867013097,0.0006872228696011007,0.0007635809597559273
23743753530784,0.0005345066892914474,-0.0017562361899763346,0.0007635809597559273
23743753535732,-0.00007635809743078426,-0.0005345066892914474,-0.00045814859913662076
23743753542919,-0.00007635809743078426,0.006185005884617567,-0.0010690133785828948
23743753548701,0.0005345066892914474,-0.004810560029000044,0.0013744457392022014
23743753554690,-0.0006872228696011007,0.0006872228696011007,-0.00045814859913662076
23743753568857,0.0005345066892914474,0.0031306820455938578,-0.001679878099821508
23743753570367,-0.00007635809743078426,0.0031306820455938578,0.0001527161948615685
23743753573024,-0.0012980876490473747,-0.00603228947147727,0.0007635809597559273
23743753577086,-0.0006872228696011007,0.0012980876490473747,0.0007635809597559273
23743753582711,0.0011453714687377214,0.0031306820455938578,-0.0010690133785828948
23743753593024,0.0005345066892914474,-0.0017562361899763346,-0.00045814859913662076
23743753595628,0.0011453714687377214,0.00007635809743078426,0.0007635809597559273
23743753598596,0.0017562361899763346,0.0019089524867013097,0.0001527161948615685
23743753604013,-0.0006872228696011007,0.0012980876490473747,-0.00045814859913662076
23743753611461,0.0005345066892914474,-0.00603228947147727,0.0001527161948615685
23743753616721,0.0011453714687377214,-0.0011453714687377214,0.0001527161948615685
23743753623440,0.0011453714687377214,0.003741546766832471,-0.00045814859913662076
23743753626305,-0.00007635809743078426,-0.004199695307761431,0.0001527161948615685
23743753634169,-0.0012980876490473747,-0.004810560029000044,-0.0010690133785828948
23743757156357,0.0005345066892914474,0.0019089524867013097,0.0001527161948615685
23743757232190,0.0011453714687377214,0.00007635809743078426,0.0007635809597559273
23743760281826,-0.0019089524867013097,-0.0011453714687377214,0.0001527161948615685
