23866304075268,0.000610864779446274,0.0016035200096666813,0.000839939049910754
23866305571102,0.000610864779446274,-0.000839939049910754,0.000839939049910754
23866307840998,-0.000610864779446274,-0.00022907429956831038,0.000839939049910754
23866428169852,-0.000610864779446274,-0.001450803829357028,0.000839939049910754
23866428181623,-0.001832594396546483,0.0016035200096666813,0.00022907429956831038
23866428191050,0.0,0.0016035200096666813,-0.00038179047987796366
23866428200216,0.001832594396546483,0.0016035200096666813,0.001450803829357028
23866428206310,0.000610864779446274,0.0009926552884280682,0.002061668550595641
23866428217873,0.000610864779446274,0.00038179047987796366,0.001450803829357028
23866428225268,0.001832594396546483,0.0009926552884280682,0.000839939049910754
23866428232820,-0.000610864779446274,-0.00022907429956831038,-0.0009926552884280682
23866428240477,0.0,0.00038179047987796366,-0.00038179047987796366
23866428251362,0.001221729558892548,-0.000839939049910754,-0.0009926552884280682
23866428259435,0.0,0.00038179047987796366,-0.00038179047987796366
23866428265477,-0.000610864779446274,-0.001450803829357028,0.00022907429956831038
23866428272820,0.0,-0.00022907429956831038,-0.00038179047987796366
23866428283758,-0.000610864779446274,-0.000839939049910754,0.001450803829357028
23866428292039,-0.000610864779446274,-0.00022907429956831038,0.00022907429956831038
23866428305268,0.0,0.00038179047987796366,0.002061668550595641
23866428312508,-0.00007635809743078426,0.00038179047987796366,0.00022907429956831038
23866428320841,-0.00007635809743078426,0.00038179047987796366,-0.00038179047987796366
23866428326779,0.0005345066892914474,-0.002061668550595641,-0.00038179047987796366
23866428334800,-0.00007635809743078426,-0.00022907429956831038,-0.00038179047987796366
23866428339123,-0.00007635809743078426,0.00038179047987796366,0.00022907429956831038
23866428351102,-0.00007635809743078426,0.0009926552884280682,0.000839939049910754
23866428365216,-0.0006872228696011007,0.0009162971982732415,0.000839939049910754
23866428368706,-0.00007635809743078426,0.0021380267571657896,0.00022907429956831038
23866428380633,-0.00007635809743078426,0.0009162971982732415,0.000839939049910754
23866428383862,-0.0006872228696011007,0.000305432389723137,-0.0009926552884280682
23866428395216,-0.00007635809743078426,0.000305432389723137,0.00022907429956831038
23866428401727,0.0005345066892914474,0.000305432389723137,-0.0009926552884280682
23866428408289,-0.00007635809743078426,-0.0009162971982732415,-0.0009926552884280682
23866428419175,0.0005345066892914474,-0.000305432389723137,0.0001527161948615685
23866428436414,-0.00007635809743078426,-0.000305432389723137,-0.00045814859913662076
23866428441987,-0.0006872228696011007,-0.000305432389723137,0.0007635809597559273
23866428446518,0.0005345066892914474,0.0009162971982732415,-0.00045814859913662076
23866428452612,0.0017562361899763346,0.0009162971982732415,0.0007635809597559273
23866428461466,0.0005345066892914474,0.000305432389723137,0.0019853105768561363
23866428467664,-0.00007635809743078426,0.000305432389723137,0.0007635809597559273
23866428474227,-0.0006872228696011007,-0.000305432389723137,-0.0010690133785828948
23866428483550,0.0005345066892914474,-0.0009162971982732415,0.0007635809597559273
23866428489279,-0.0019089524867013097,0.000305432389723137,-0.00045814859913662076
23866428492768,-0.00007635809743078426,0.000305432389723137,-0.00045814859913662076
23866428502820,0.0011453714687377214,-0.0009162971982732415,-0.002290742937475443
23866428506883,-0.0012980876490473747,0.0009162971982732415,0.0001527161948615685
23866428509383,-0.0006872228696011007,0.000305432389723137,-0.001679878099821508
23866428520268,-0.0012980876490473747,-0.000305432389723137,-0.002290742937475443
23866428522716,-0.00007635809743078426,-0.000305432389723137,-0.00045814859913662076
23866428529123,0.0005345066892914474,-0.000305432389723137,-0.00045814859913662076
23866428537039,-0.00007635809743078426,0.000305432389723137,-0.0010690133785828948
23866428541414,-0.0006872228696011007,-0.000305432389723137,0.0007635809597559273
23866428546623,0.0005345066892914474,0.0009162971982732415,-0.0010690133785828948
23866430192248,-0.00007635809743078426,-0.000305432389723137,-0.0010690133785828948
23866430268758,0.0011453714687377214,-0.000305432389723137,0.0001527161948615685
23866432713602,0.0011453714687377214,0.0009162971982732415,-0.00045814859913662076
23866434668550,-0.00007635809743078426,0.0009162971982732415,0.0007635809597559273
23866436249070,-0.0006872228696011007,-0.000305432389723137,0.0001527161948615685
23866555909279,-0.0012980876490473747,0.000305432389723137,0.0001527161948615685
23866555977768,0.0005345066892914474,-0.000305432389723137,0.0013744457392022014
23866555982091,-0.00007635809743078426,-0.000305432389723137,0.0007635809597559273
23866555988550,-0.00007635809743078426,-0.000305432389723137,0.0001527161948615685
23866555995477,0.0005345066892914474,-0.0009162971982732415,0.0007635809597559273
23866556025373,0.0005345066892914474,0.0015271619195118546,0.0001527161948615685
23866556037352,-0.0006872228696011007,-0.0009162971982732415,-0.0010690133785828948
23866556049487,0.0005345066892914474,0.0009162971982732415,0.0007635809597559273
23866556052977,-0.0006872228696011007,0.0009162971982732415,-0.00045814859913662076
23866556059383,-0.00007635809743078426,-0.0009162971982732415,-0.0010690133785828948
23866556071570,-0.00007635809743078426,0.000305432389723137,-0.0010690133785828948
23866556074748,-0.00007635809743078426,0.000305432389723137,-0.00045814859913662076
23866556082300,-0.00007635809743078426,0.000305432389723137,0.0001527161948615685
23866556088445,-0.0012980876490473747,0.0009162971982732415,0.0001527161948615685
23866556102195,0.0005345066892914474,-0.000305432389723137,-0.00045814859913662076
23866556108445,0.0005345066892914474,0.000305432389723137,-0.00045814859913662076
23866556116206,0.0005345066892914474,-0.0015271619195118546,-0.00045814859913662076
23866556126883,0.0005345066892914474,0.000305432389723137,0.0007635809597559273
23866556140320,0.0017562361899763346,0.000305432389723137,0.0013744457392022014
23866556144175,-0.0012980876490473747,0.000305432389723137,-0.00045814859913662076
23866556151831,-0.0006872228696011007,0.0009162971982732415,-0.00045814859913662076
23866556154904,0.0005345066892914474,0.0009162971982732415,0.0007635809597559273
23866556158498,-0.00007635809743078426,0.0009162971982732415,0.0001527161948615685
23866556167143,-0.0012980876490473747,0.000305432389723137,0.0001527161948615685
23866556172925,0.0011453714687377214,0.000305432389723137,0.0013744457392022014
23866556179591,-0.00007635809743078426,0.000305432389723137,-0.00045814859913662076
23866556184852,0.0005345066892914474,-0.0015271619195118546,-0.001679878099821508
23866556194591,0.0011453714687377214,-0.0009162971982732415,0.0001527161948615685
23866556201414,-0.00007635809743078426,0.0009162971982732415,-0.00045814859913662076
23866556207248,0.0005345066892914474,0.00022907429956831038,-0.0010690133785828948
23866556213914,0.00045814859913662076,-0.00038179047987796366,0.0001527161948615685
23866556229643,-0.0001527161948615685,0.00022907429956831038,0.0001527161948615685
23866556235789,-0.0007635809597559273,0.00022907429956831038,0.0007635809597559273
23866556241258,-0.0001527161948615685,-0.00038179047987796366,0.0007635809597559273
23866556249643,-0.0007635809597559273,0.000839939049910754,-0.00045814859913662076
23866556257352,0.0010690133785828948,0.00022907429956831038,-0.0010690133785828948
23866556261779,0.00045814859913662076,-0.0009926552884280682,-0.00045814859913662076
23866556266831,-0.0001527161948615685,0.00022907429956831038,0.0013744457392022014
23866556269800,0.00045814859913662076,-0.00038179047987796366,-0.0010690133785828948
23866556280685,0.0010690133785828948,-0.00038179047987796366,-0.0010690133785828948
23866556283602,-0.0007635809597559273,-0.0009926552884280682,-0.00045814859913662076
23866556289331,0.00045814859913662076,-0.00038179047987796366,-0.00045814859913662076
23866556292039,0.00045814859913662076,0.000839939049910754,0.0001527161948615685
23866556299852,0.00045814859913662076,-0.00038179047987796366,0.0001527161948615685
23866556305164,0.00045814859913662076,-0.00038179047987796366,0.0001527161948615685
23866556309487,0.00045814859913662076,-0.0009926552884280682,0.0019853105768561363
23866556314956,0.00045814859913662076,-0.00038179047987796366,0.0001527161948615685
23866556320737,-0.0001527161948615685,-0.0016035200096666813,-0.00045814859913662076
23866556326570,0.00045814859913662076,-0.0009926552884280682,0.0007635809597559273
23866556334643,0.00045814859913662076,-0.00038179047987796366,0.0001527161948615685
23866557402925,-0.0001527161948615685,0.00022907429956831038,0.0013744457392022014
23866562470529,0.00045814859913662076,-0.00038179047987796366,0.0007635809597559273
23866562550685,-0.0001527161948615685,0.00022907429956831038,0.0001527161948615685
23866564464331,0.0010690133785828948,-0.0016035200096666813,-0.00045814859913662076
23866692178758,0.0010690133785828948,0.00022907429956831038,-0.00045814859913662076
23866692185789,-0.0001527161948615685,0.000839939049910754,-0.0010690133785828948
23866692200216,-0.0025961752980947495,-0.0009926552884280682,-0.00045814859913662076
23866692204331,0.00045814859913662076,0.000839939049910754,0.0001527161948615685
23866692212091,-0.0007635809597559273,-0.00038179047987796366,0.0007635809597559273
23866692222612,-0.0001527161948615685,-0.00038179047987796366,0.0001527161948615685
23866692229539,0.00045814859913662076,-0.00038179047987796366,0.0013744457392022014
23866692238810,-0.0001527161948615685,0.00022907429956831038,0.0001527161948615685
23866692257820,-0.0001527161948615685,0.00022907429956831038,-0.0010690133785828948
23866692261779,0.00045814859913662076,0.00022907429956831038,-0.0010690133785828948
23866692265268,-0.0001527161948615685,-0.0016035200096666813,0.0013744457392022014
23866692275425,0.00045814859913662076,-0.0009926552884280682,0.0019853105768561363
23866692280529,0.001679878099821508,-0.0009926552884280682,0.0007635809597559273
23866692284487,-0.0001527161948615685,-0.00038179047987796366,-0.0010690133785828948
23866692291154,-0.0007635809597559273,0.00022907429956831038,-0.0010690133785828948
23866692296935,-0.0001527161948615685,0.00022907429956831038,0.0013744457392022014
23866692302977,0.0010690133785828948,0.00022907429956831038,-0.00045814859913662076
23866692310737,0.00045814859913662076,0.000839939049910754,-0.0010690133785828948
23866692315685,-0.0013744457392022014,-0.0009926552884280682,0.0001527161948615685
23866692325789,-0.0013744457392022014,-0.0016035200096666813,-0.00045814859913662076
23866692332247,0.00045814859913662076,0.00022907429956831038,0.0007635809597559273
23866692337768,0.00045814859913662076,-0.0009926552884280682,0.0007635809597559273
23866692342872,0.0010690133785828948,0.00022907429956831038,-0.00045814859913662076
23866692347925,0.0010690133785828948,0.00022907429956831038,-0.0010690133785828948
23866692353081,-0.0007635809597559273,-0.0009926552884280682,0.0007635809597559273
23866692360789,0.0010690133785828948,-0.0016035200096666813,0.0001527161948615685
23866692363706,-0.0013744457392022014,-0.00038179047987796366,0.0001527161948615685
23866692371570,0.001679878099821508,0.001450803829357028,0.0001527161948615685
23866692377820,0.00045814859913662076,-0.0009926552884280682,0.0007635809597559273
23866692384383,-0.0001527161948615685,0.00022907429956831038,-0.00045814859913662076
23866692390216,-0.0007635809597559273,0.00022907429956831038,-0.0010690133785828948
23866692393081,0.001679878099821508,0.000839939049910754,-0.0010690133785828948
23866692402247,-0.0007635809597559273,-0.0009926552884280682,0.0001527161948615685
23866692410164,0.0010690133785828948,-0.0016035200096666813,0.0007635809597559273
23866692419800,-0.0001527161948615685,0.00022907429956831038,0.0013744457392022014
23866692423185,0.00045814859913662076,0.00022907429956831038,-0.00045814859913662076
23866692434331,0.001679878099821508,0.00022907429956831038,-0.00045814859913662076
23866692443081,0.00045814859913662076,-0.00038179047987796366,0.0013744457392022014
23866692447195,-0.0007635809597559273,-0.00038179047987796366,0.0001527161948615685
23866692453966,0.00045814859913662076,-0.0009926552884280682,-0.00045814859913662076
23866692463706,-0.0007635809597559273,-0.0015271619195118546,-0.0010690133785828948
23866692471518,0.00045814859913662076,0.000305432389723137,-0.00045814859913662076
23866692477716,0.0010690133785828948,0.000305432389723137,-0.00045814859913662076
23866692480997,0.00045814859913662076,0.000305432389723137,0.0001527161948615685
23866692493289,0.00045814859913662076,-0.0009162971982732415,0.0001527161948615685
23866692497404,-0.0007635809597559273,-0.0015271619195118546,0.0013744457392022014
23866692503133,-0.0001527161948615685,-0.0009162971982732415,0.0007635809597559273
23866692508237,0.0010690133785828948,-0.000305432389723137,-0.001679878099821508
23866692513914,-0.0001527161948615685,-0.0009162971982732415,0.0007635809597559273
23866692520685,-0.0007635809597559273,0.000305432389723137,0.0001527161948615685
23866692527352,-0.0001527161948615685,0.0009162971982732415,0.0001527161948615685
23866692532560,-0.0001527161948615685,-0.000305432389723137,0.0001527161948615685
23866692536518,-0.0001527161948615685,-0.000305432389723137,0.0001527161948615685
23866692541779,-0.0001527161948615685,0.000305432389723137,0.0001527161948615685
23866697403185,-0.0001527161948615685,-0.000305432389723137,-0.00045814859913662076
23866697414487,-0.0013744457392022014,0.000305432389723137,0.0001527161948615685
23866817770945,-0.00022907429956831038,0.000305432389723137,0.0001527161948615685
23866817815060,0.0009926552884280682,0.0009162971982732415,0.0007635809597559273
23866817839122,0.00038179047987796366,0.000305432389723137,0.0013744457392022014
23866817844591,0.0009926552884280682,0.0009162971982732415,0.0007635809597559273
23866817852300,-0.001450803829357028,0.000305432389723137,0.0001527161948615685
23866817864904,-0.000839939049910754,0.0009162971982732415,-0.0010690133785828948
23866817873237,-0.00022907429956831038,0.000305432389723137,-0.00045814859913662076
23866817881987,-0.000839939049910754,-0.0009162971982732415,0.0001527161948615685
23866817886310,-0.00022907429956831038,0.000305432389723137,0.0001527161948615685
23866817905737,-0.00022907429956831038,-0.0009162971982732415,-0.001679878099821508
23866817907247,-0.000839939049910754,-0.000305432389723137,-0.001679878099821508
23866817910581,0.0009926552884280682,-0.0009162971982732415,-0.00045814859913662076
23866817915893,0.0009926552884280682,0.000305432389723137,-0.0010690133785828948
23866817921154,0.00038179047987796366,-0.000305432389723137,0.0001527161948615685
23866817932404,0.00038179047987796366,-0.000305432389723137,-0.001679878099821508
23866817943550,-0.00022907429956831038,0.000305432389723137,-0.00045814859913662076
23866817947091,-0.001450803829357028,-0.000305432389723137,0.0001527161948615685
23866817954956,-0.00022907429956831038,0.0009162971982732415,-0.00045814859913662076
23866817962456,-0.00022907429956831038,0.000305432389723137,-0.00045814859913662076
23866817970789,-0.000839939049910754,0.000305432389723137,-0.00045814859913662076
23866817975997,-0.000839939049910754,0.000305432389723137,0.0001527161948615685
23866817979487,-0.00022907429956831038,0.000305432389723137,-0.00045814859913662076
23866817989591,0.0009926552884280682,0.000305432389723137,0.0001527161948615685
23866817999070,-0.00022907429956831038,0.000305432389723137,-0.0010690133785828948
23866818002247,0.0016035200096666813,-0.0009162971982732415,0.0019853105768561363
23866818006883,-0.00022907429956831038,0.000305432389723137,0.0013744457392022014
23866818028497,-0.00022907429956831038,0.0009162971982732415,-0.00045814859913662076
23866818032091,-0.000839939049910754,-0.000305432389723137,0.0007635809597559273
23866818035633,-0.001450803829357028,-0.000305432389723137,0.0001527161948615685
23866818040789,-0.001450803829357028,-0.000305432389723137,0.0001527161948615685
23866818047143,0.0009926552884280682,0.000305432389723137,0.0007635809597559273
23866818052560,0.00038179047987796366,-0.000305432389723137,0.0007635809597559273
23866818061935,0.0009926552884280682,0.0009926552884280682,0.0001527161948615685
23866818069800,0.00038179047987796366,0.00038179047987796366,-0.0010690133785828948
23866818075581,-0.002672533504664898,-0.000839939049910754,-0.0010690133785828948
23866818082039,-0.00022907429956831038,-0.00022907429956831038,0.0013744457392022014
23866818088081,0.0009926552884280682,-0.00022907429956831038,0.0013744457392022014
23866818098654,-0.001450803829357028,-0.00022907429956831038,0.0001527161948615685
23866818101987,0.00038179047987796366,-0.00022907429956831038,0.0001527161948615685
23866818111258,-0.000839939049910754,0.00038179047987796366,0.0001527161948615685
23866818114331,-0.002061668550595641,-0.000839939049910754,-0.0010690133785828948
23866818123445,-0.000839939049910754,-0.00022907429956831038,-0.0010690133785828948
23866818126727,0.0009926552884280682,-0.000839939049910754,0.0001527161948615685
23866818135893,-0.00022907429956831038,-0.00022907429956831038,0.0013744457392022014
23866818141831,-0.000839939049910754,0.00038179047987796366,0.0007635809597559273
23866818150945,-0.00022907429956831038,0.00038179047987796366,-0.00045814859913662076
23866818153810,-0.000839939049910754,0.00038179047987796366,0.0001527161948615685
23866818156675,-0.00022907429956831038,0.0009926552884280682,0.0001527161948615685
23866818163497,-0.001450803829357028,-0.00022907429956831038,-0.00045814859913662076
23866821015320,-0.00022907429956831038,-0.000839939049910754,0.0019853105768561363
23866821024435,0.00038179047987796366,-0.000839939049910754,0.0007635809597559273
23866824209852,-0.000839939049910754,-0.001450803829357028,-0.00045814859913662076
23866824551050,-0.00022907429956831038,-0.00022907429956831038,0.0007635809597559273
23866825799331,-0.00022907429956831038,0.00038179047987796366,-0.00045814859913662076
23866942113081,0.00038179047987796366,0.00038179047987796366,0.0007635809597559273
23866942119852,-0.000839939049910754,-0.000839939049910754,0.0007635809597559273
23866942138602,-0.000839939049910754,-0.00022907429956831038,0.0001527161948615685
23866942144070,-0.000839939049910754,0.00038179047987796366,0.0001527161948615685
23866942149331,0.00038179047987796366,0.00038179047987796366,0.0007635809597559273
23866942162664,0.00038179047987796366,0.00038179047987796366,-0.00045814859913662076
23866942169852,-0.000839939049910754,-0.00022907429956831038,0.0001527161948615685
23866942177195,-0.00022907429956831038,0.0009926552884280682,0.0007635809597559273
23866942182508,-0.002061668550595641,-0.000839939049910754,0.0001527161948615685
23866942187299,-0.00022907429956831038,-0.000839939049910754,0.0013744457392022014
23866942201154,-0.000839939049910754,-0.00022907429956831038,-0.001679878099821508
23866942210268,0.0009926552884280682,0.00038179047987796366,0.0001527161948615685
23866942216674,0.0009926552884280682,0.0009926552884280682,-0.0010690133785828948
23866942223341,-0.00022907429956831038,-0.000839939049910754,0.0001527161948615685
23866942237872,-0.001450803829357028,0.0009926552884280682,0.0001527161948615685
23866942241779,-0.00022907429956831038,-0.000839939049910754,-0.0010690133785828948
23866942251674,0.0010690133785828948,0.00038179047987796366,0.0001527161948615685
23866942256362,0.00045814859913662076,-0.00022907429956831038,0.0007635809597559273
23866942266831,-0.0001527161948615685,-0.00022907429956831038,0.0001527161948615685
23866942269904,-0.0013744457392022014,0.0009926552884280682,-0.001679878099821508
23866942272924,-0.0007635809597559273,0.0009926552884280682,-0.00045814859913662076
23866942282820,-0.0001527161948615685,-0.00022907429956831038,0.0001527161948615685
23866942289852,-0.0001527161948615685,-0.00022907429956831038,0.0019853105768561363
23866942303862,-0.0013744457392022014,0.0009926552884280682,0.0001527161948615685
23866942310112,-0.0001527161948615685,-0.001450803829357028,0.0007635809597559273
23866942313445,0.00045814859913662076,-0.00022907429956831038,0.0013744457392022014
23866942321362,-0.0007635809597559273,0.0016035200096666813,0.0001527161948615685
23866942327612,0.00045814859913662076,-0.002061668550595641,0.0007635809597559273
23866942337820,-0.0001527161948615685,-0.00022907429956831038,0.0001527161948615685
23866942344070,0.00045814859913662076,-0.001450803829357028,0.0001527161948615685
23866942351258,-0.0001527161948615685,-0.001450803829357028,0.0001527161948615685
23866942355789,0.0010690133785828948,0.00038179047987796366,0.0007635809597559273
23866942363289,-0.0001527161948615685,-0.003283398225903511,0.0013744457392022014
23866942369799,0.00045814859913662076,0.0016035200096666813,0.0007635809597559273
23866942376831,-0.0007635809597559273,-0.002061668550595641,-0.0010690133785828948
23866942381466,-0.0001527161948615685,0.0009926552884280682,-0.0010690133785828948
23866942384383,0.00045814859913662076,-0.000839939049910754,-0.0010690133785828948
23866942395945,0.001679878099821508,-0.001450803829357028,0.0013744457392022014
23866942403862,0.00045814859913662076,0.00038179047987796366,0.0001527161948615685
23866942406362,-0.0019853105768561363,0.0016035200096666813,-0.00045814859913662076
23866942415164,-0.0007635809597559273,0.0016035200096666813,0.0001527161948615685
23866942417820,-0.0007635809597559273,-0.000839939049910754,0.0019853105768561363
23866942423081,-0.0019853105768561363,0.0009926552884280682,-0.00045814859913662076
23866942428497,-0.0007635809597559273,-0.00022907429956831038,-0.0010690133785828948
23866942438654,0.001679878099821508,0.0009926552884280682,-0.0005345066892914474
23866942445008,-0.0001527161948615685,0.0009926552884280682,0.00007635809743078426
23866942450372,-0.0013744457392022014,0.0009926552884280682,-0.0017562361899763346
23866942455581,-0.0001527161948615685,-0.001450803829357028,0.0012980876490473747
23866943848341,-0.0001527161948615685,0.0016035200096666813,0.00007635809743078426
23866945575685,-0.0007635809597559273,-0.00022907429956831038,0.0019089524867013097
23866946625216,0.00045814859913662076,-0.00022907429956831038,0.0012980876490473747
23866948884799,-0.0001527161948615685,-0.00022907429956831038,-0.0023671009112149477
23867064284956,-0.0007635809597559273,0.0009926552884280682,-0.0011453714687377214
23867064342924,-0.0001527161948615685,-0.001450803829357028,0.0006872228696011007
23867064349331,0.0010690133785828948,0.0016035200096666813,-0.0005345066892914474
23867064358029,-0.00007635809743078426,0.0016035200096666813,0.00007635809743078426
23867064365945,-0.0012980876490473747,0.00038179047987796366,-0.0005345066892914474
23867064374279,0.0005345066892914474,0.00038179047987796366,0.0012980876490473747
23867064380893,0.0005345066892914474,-0.000839939049910754,0.0012980876490473747
23867064388601,-0.0012980876490473747,0.0009926552884280682,0.00007635809743078426
23867064391570,0.0011453714687377214,-0.003283398225903511,-0.0005345066892914474
23867064400216,0.0005345066892914474,-0.00022907429956831038,-0.0005345066892914474
23867064406726,-0.0006872228696011007,-0.002061668550595641,-0.0005345066892914474
23867064417195,0.0017562361899763346,0.0034361144062131643,0.0006872228696011007
23867064420320,-0.00007635809743078426,0.0016035200096666813,-0.0005345066892914474
23867064433393,0.0011453714687377214,0.002825249684974551,0.00007635809743078426
23867064437143,0.0011453714687377214,0.0016035200096666813,0.00007635809743078426
23867064446101,0.0005345066892914474,-0.00022907429956831038,0.0006872228696011007
23867064449122,-0.0012980876490473747,-0.000839939049910754,0.0006872228696011007
23867064452039,-0.0012980876490473747,-0.000839939049910754,-0.0005345066892914474
23867064468966,-0.00007635809743078426,0.00038179047987796366,0.00007635809743078426
23867064475737,-0.0012980876490473747,0.00038179047987796366,0.00007635809743078426
23867064480424,-0.0012980876490473747,0.0009926552884280682,0.00007635809743078426
23867064491570,-0.0012980876490473747,-0.003894262947142124,-0.0005345066892914474
23867064493133,0.0023671009112149477,0.002825249684974551,0.0006872228696011007
23867064502091,-0.0006872228696011007,-0.00022907429956831038,-0.0011453714687377214
23867064515997,-0.00007635809743078426,-0.002672533504664898,0.00007635809743078426
23867064520685,0.0011453714687377214,0.0034361144062131643,0.00007635809743078426
23867064523341,0.0029779658652842045,-0.002672533504664898,0.0019089524867013097
23867064535789,0.0011453714687377214,-0.003283398225903511,0.0006872228696011007
23867064539695,-0.00007635809743078426,0.002825249684974551,-0.0005345066892914474
23867064549695,0.0017562361899763346,-0.001450803829357028,0.0019089524867013097
23867064556206,-0.00007635809743078426,-0.0057268571108579636,0.00007635809743078426
23867064564904,0.0011453714687377214,0.0058795735239982605,-0.0005345066892914474
23867064569435,0.0005345066892914474,0.00038179047987796366,-0.0017562361899763346
23867064578237,0.0005345066892914474,-0.003894262947142124,0.00007635809743078426
23867064585216,-0.0012980876490473747,0.005268708802759647,0.0019089524867013097
23867064590372,-0.0006872228696011007,0.00038179047987796366,-0.0005345066892914474
23867064593081,-0.00007635809743078426,-0.00511599238961935,0.00007635809743078426
23867064604279,0.0017562361899763346,0.004046979360282421,0.0006872228696011007
23867064606935,0.0005345066892914474,0.0016035200096666813,0.00007635809743078426
23867064614018,-0.0019089524867013097,-0.004505127668380737,0.00007635809743078426
23867064618133,0.0011453714687377214,0.004657844081521034,0.0019089524867013097
23867064622091,0.0011453714687377214,-0.00511599238961935,-0.0005345066892914474
23867064626726,-0.0006872228696011007,0.00038179047987796366,-0.0011453714687377214
23867064636101,0.0029779658652842045,0.004657844081521034,-0.0005345066892914474
23867064638862,0.0029779658652842045,-0.003894262947142124,0.00007635809743078426
23867064644435,-0.004352411720901728,-0.006948587018996477,0.00007635809743078426
23867064655060,0.0017562361899763346,0.0034361144062131643,-0.0005345066892914474
23867064657404,0.0023671009112149477,0.00038179047987796366,-0.0005345066892914474
23867067234695,-0.00679587060585618,-0.002672533504664898,0.00007635809743078426
23867067303185,-0.0006872228696011007,0.0034361144062131643,0.0006872228696011007
23867069936831,0.0029779658652842045,0.0009926552884280682,0.00007635809743078426
23867072443862,-0.00679587060585618,-0.008781181648373604,0.00007635809743078426
23867195783393,0.0029779658652842045,0.004046979360282421,0.00007635809743078426
23867195803758,0.0035888305865228176,-0.001450803829357028,-0.0017562361899763346
23867195814383,-0.01107192412018776,-0.00511599238961935,-0.0017562361899763346
23867195818862,0.007254019379615784,0.008933897130191326,-0.0005345066892914474
23867195828654,0.0023671009112149477,-0.00022907429956831038,0.0006872228696011007
23867195839174,-0.014126247726380825,-0.00511599238961935,-0.0017562361899763346
23867195847195,0.014584396965801716,0.005268708802759647,0.0019089524867013097
23867195853393,-0.003741546766832471,-0.002672533504664898,-0.0005345066892914474
23867195865893,-0.008017600513994694,0.008323032408952713,-0.0011453714687377214
23867195869174,0.011530072428286076,-0.001450803829357028,0.00007635809743078426
23867195877195,-0.012904518283903599,0.004046979360282421,-0.0023671009112149477
23867195888914,0.004199695307761431,-0.00022907429956831038,-0.0005345066892914474
23867195894487,0.007864884100854397,-0.002672533504664898,0.0019089524867013097
23867195898341,-0.010461059398949146,0.0077121676877141,-0.0011453714687377214
23867195905320,0.0066431546583771706,-0.006337722297757864,0.00007635809743078426
23867195925060,0.0017562361899763346,0.007101302966475487,-0.0017562361899763346
23867195929174,-0.00923932995647192,-0.001450803829357028,-0.0005345066892914474
23867195949122,0.009086613543331623,-0.003894262947142124,-0.0005345066892914474
23867195952664,-0.0006872228696011007,0.002825249684974551,-0.0011453714687377214
23867195957872,-0.005574141163378954,0.004046979360282421,0.00007635809743078426
23867195971049,0.007864884100854397,-0.008781181648373604,0.0012980876490473747
23867195974799,0.0011453714687377214,0.008323032408952713,-0.0005345066892914474
23867195977716,-0.004963276442140341,-0.000839939049910754,-0.0017562361899763346
23867195985060,0.004810560029000044,0.0009926552884280682,-0.0011453714687377214
23867195993862,-0.0006872228696011007,0.002825249684974551,-0.0011453714687377214
23867196016049,-0.003741546766832471,0.0022143847309052944,0.00007635809743078426
23867196028289,0.0029779658652842045,-0.002061668550595641,0.0019089524867013097
23867196035945,0.0011453714687377214,0.0022143847309052944,0.00007635809743078426
23867196042560,-0.0012980876490473747,0.0016035200096666813,0.0006872228696011007
23867196052872,0.0017562361899763346,-0.0057268571108579636,0.0012980876490473747
23867196055893,0.0005345066892914474,0.008323032408952713,-0.0017562361899763346
23867196063862,-0.0031306820455938578,-0.001450803829357028,-0.0017562361899763346
23867196076987,-0.00007635809743078426,-0.000839939049910754,-0.0011453714687377214
23867196080529,-0.0012980876490473747,0.0034361144062131643,0.0006872228696011007
23867196086883,-0.00007635809743078426,0.002825249684974551,0.00007635809743078426
23867196089851,-0.00007635809743078426,-0.000839939049910754,-0.0017562361899763346
23867196102247,-0.00007635809743078426,0.002825249684974551,-0.0011453714687377214
23867196106726,0.0011453714687377214,0.0009926552884280682,0.0012980876490473747
23867196109435,-0.0012980876490473747,-0.002061668550595641,-0.0005345066892914474
23867196114383,-0.0006872228696011007,0.005268708802759647,-0.0011453714687377214
23867196119122,0.0011453714687377214,-0.00022907429956831038,-0.0005345066892914474
23867196128549,-0.0012980876490473747,-0.002672533504664898,0.0012980876490473747
23867196131101,0.0005345066892914474,0.004657844081521034,0.0006872228696011007
23867196136414,-0.0006872228696011007,-0.003283398225903511,0.00007635809743078426
23867196141726,-0.00007635809743078426,0.00038179047987796366,-0.0011453714687377214
23867196151987,-0.0012980876490473747,0.0034361144062131643,-0.0017562361899763346
23867196156622,-0.00007635809743078426,-0.002672533504664898,0.00007635809743078426
23867196165112,0.0011453714687377214,0.0009926552884280682,-0.0011453714687377214
23867196167664,-0.00007635809743078426,0.0022143847309052944,0.00007635809743078426
23867196173289,-0.0006872228696011007,-0.001450803829357028,-0.0011453714687377214
23867196178393,0.0011453714687377214,0.0015271619195118546,-0.0011453714687377214
23867196186258,0.0017562361899763346,-0.003359756199643016,0.00007635809743078426
23867198195581,-0.0006872228696011007,-0.0015271619195118546,-0.0011453714687377214
23867203927612,0.0005345066892914474,0.003970621153712273,-0.0005345066892914474
23867204136414,-0.00007635809743078426,0.0009162971982732415,0.00007635809743078426
23867323299435,-0.00007635809743078426,-0.0027488914784044027,0.00007635809743078426
23867323341049,-0.0006872228696011007,0.004581485874950886,-0.0023671009112149477
23867323360893,-0.00007635809743078426,-0.005803215317428112,-0.0005345066892914474
23867323377299,-0.00007635809743078426,0.0009162971982732415,0.00007635809743078426
23867323385581,-0.0025198173243552446,0.0015271619195118546,-0.0017562361899763346
23867323393862,-0.0006872228696011007,-0.0015271619195118546,0.0006872228696011007
23867323404122,-0.0012980876490473747,-0.000305432389723137,-0.0005345066892914474
23867323411935,0.0005345066892914474,0.003359756199643016,0.0012980876490473747
23867323415164,-0.0006872228696011007,-0.003970621153712273,0.0006872228696011007
23867323428081,-0.00007635809743078426,0.0027488914784044027,-0.0011453714687377214
23867323433341,0.0023671009112149477,0.003970621153712273,0.0001527161948615685
23867323439539,0.0005345066892914474,-0.0027488914784044027,0.0013744457392022014
23867323451622,-0.00007635809743078426,0.0057268571108579636,-0.00045814859913662076
23867323458497,-0.0006872228696011007,-0.0022143847309052944,-0.0010690133785828948
23867323464851,-0.0025198173243552446,-0.0009926552884280682,-0.00045814859913662076
23867323472039,0.0005345066892914474,0.000839939049910754,0.0001527161948615685
23867323477091,0.0023671009112149477,-0.0009926552884280682,0.0007635809597559273
23867323488497,-0.00007635809743078426,0.00022907429956831038,0.0001527161948615685
23867323495633,0.0011453714687377214,0.002061668550595641,0.0007635809597559273
23867323517924,-0.00007635809743078426,-0.0022143847309052944,0.0007635809597559273
23867323521778,-0.00007635809743078426,0.004505127668380737,0.0001527161948615685
23867323528862,0.0011453714687377214,0.003283398225903511,-0.0010690133785828948
23867323532039,0.0017562361899763346,-0.0022143847309052944,-0.00045814859913662076
23867323539383,0.0011453714687377214,0.003894262947142124,-0.0010690133785828948
23867323547039,0.0005345066892914474,-0.002825249684974551,0.0001527161948615685
23867323549903,-0.00007635809743078426,-0.00038179047987796366,0.0007635809597559273
23867323563497,-0.0006872228696011007,0.001450803829357028,-0.00045814859913662076
23867323566466,0.0005345066892914474,-0.005268708802759647,-0.00045814859913662076
23867323575789,0.0005345066892914474,0.003283398225903511,-0.00045814859913662076
23867323581466,0.0005345066892914474,-0.0016035200096666813,0.0013744457392022014
23867323584851,0.0005345066892914474,-0.0016035200096666813,0.0001527161948615685
23867323591206,-0.00007635809743078426,0.001450803829357028,0.0007635809597559273
23867323598862,-0.0019089524867013097,-0.001679878099821508,0.0001527161948615685
23867323614435,-0.0006872228696011007,-0.002290742937475443,0.0007635809597559273
23867323620112,-0.0012980876490473747,0.0013744457392022014,-0.00045814859913662076
23867323626362,-0.0019089524867013097,-0.001679878099821508,-0.0010690133785828948
23867323635997,-0.00007635809743078426,0.0019853105768561363,0.0001527161948615685
23867323641362,-0.0012980876490473747,0.0007635809597559273,-0.0010690133785828948
23867323644435,0.0011453714687377214,-0.0010690133785828948,-0.00045814859913662076
23867323647039,-0.0006872228696011007,0.0007635809597559273,-0.00045814859913662076
23867323654643,-0.00007635809743078426,-0.0010690133785828948,0.0013744457392022014
23867323659695,-0.00007635809743078426,-0.001679878099821508,0.001450803829357028
23867323664747,0.0005345066892914474,-0.00045814859913662076,0.00022907429956831038
23867323667143,-0.0006872228696011007,-0.00045814859913662076,0.00022907429956831038
23867323675008,-0.00007635809743078426,-0.0010690133785828948,-0.0009926552884280682
23867323682560,-0.0025198173243552446,-0.00045814859913662076,0.00022907429956831038
23867323687612,-0.0012980876490473747,-0.002290742937475443,0.000839939049910754
23867323697924,0.0005345066892914474,-0.0010690133785828948,0.000839939049910754
23867323703081,-0.0012980876490473747,-0.001679878099821508,0.000839939049910754
23867324361414,0.0005345066892914474,0.0013744457392022014,0.000839939049910754
23867324387768,0.0005345066892914474,-0.00045814859913662076,-0.00038179047987796366
